# Created by Octave 5.1.0, Mon Jul 20 19:57:13 2020 GMT <unknown@DESKTOP-SQ5MQJ8>
# name: A
# type: matrix
# rows: 30
# columns: 30
 0.063691919323462895 -2.1893936465150348 1.2966791434215168 0.5952544895475993 -0.016531548661942758 0.26160156932629308 0.43332781800471737 -0.020428830185667046 -0.9727825783295907 -0.051012560075879954 -0.042328194160668159 -0.51275972163015571 0.12884476334235609 -0.34070576895390842 -0.46275475662434001 0.082463533558402427 0.024073662622567937 -0.073427212571907013 0.16692740385704691 -0.095725202498604778 0.28273268567623039 -0.059057785456976264 -0.3325604021844063 -0.13592738503738319 -0.33954281622074978 0.026475878449430446 0.3825913966062221 0.20503935563409059 0.077790291802592407 -0.36628627229622823
 -3.2069660692410542 10.872570671336751 -6.023886063292422 0.75067693817294234 -0.20991733970110885 -0.3641632431737023 -0.2909393662833944 -1.2161428982435627 0.28645777246866044 0.22756556801221786 -0.58240046219257846 -0.0040721506194191237 -0.25332255090485861 0.5718537901019648 -0.011169362127734672 -0.53119746442205362 -0.21473475183334068 0.39203780314928721 0.30591867352840529 0.23584140399365799 0.2043922969261148 -0.74918167716393147 0.56819363471689655 0.0088554466005242305 0.21100820608497647 0.081675348122568575 0.22565329332544581 0.070974914262537034 -0.02031882434112417 -0.11902522914376247
 0 -5.8119111994222106 3.1551194766231014 -0.27970598499111965 -0.58658921145756859 0.14513799929852167 -0.20509146827743002 0.35766350463084035 -0.22232581351424091 0.44638419227312137 -0.087655605083804974 0.40470315911452204 0.20978369031734526 -0.0017598612447363715 -0.12167619359327575 0.38708593449224216 0.43604032795829939 0.054969641530073929 -0.039345721231480613 -0.65149233736591905 -0.85365286270444607 -0.02317360277581193 -0.77241633004027332 0.29162403328376008 -0.40723094537250332 -0.036046156301367316 0.24730090085836265 -0.066847272773194022 -0.59665569782923589 -0.03915606660555937
 0 0 -1.592948526657189 -0.32756766105275431 -0.14828091080794237 -0.0063051264307714128 -0.0211115404556457 0.17411713856423716 -0.21995616621227251 -0.021330467666705766 -0.27411173402050565 -0.15648085050269772 0.10534922922969447 -0.57900181871163414 0.45033849263707404 -0.14066964550441299 -0.21185029135618097 -0.12374602092737107 -0.39772896023378668 0.35019641893968484 -0.13452144174449152 -0.21003697256880019 0.070681210320671845 -0.26852372733134944 -0.1954559236729988 -0.35754964408838907 -0.4303775277952433 -0.089783427568645852 -0.056149962611356213 -0.00028973679238344929
 0 0 0 1.5099919040220555 -0.24808717204366398 0.14816399631538793 -0.21852343443011735 0.1880374900022122 0.092170462916016285 -0.31271008237307885 0.30117131790472285 0.22378748361807882 0.12853995107083058 -0.022510488952841714 0.017568476342081446 -0.14438728159866926 -0.011150917746903466 -0.35414258412007837 0.30503532418477236 -0.065228870040956746 -0.42139265347113913 -0.21864916344823848 -0.19118499073692879 -0.50228913488366356 -0.12149815187379599 0.077730872099001064 0.20300373360209889 0.17597270319318759 0.28595591110548452 0.1601235697815519
 0 0 0 0 -1.3439553943647251 -0.021063233974215056 0.31742678491496812 0.064432759800109374 0.42263454395198841 0.27793805682744865 0.032822153389128195 -0.22836619967760632 -0.25526486271505722 0.23877835817613391 0.042444451898121488 0.35105182919058858 0.23767171314180055 0.3687341083991339 -0.14037544471149013 0.06754153404661517 -0.16128976894693542 -0.51345011450632594 0.36959513137138278 0.23456218031840559 -0.27936005650400264 -0.71047214018303062 0.074369130200729813 -0.0067606153716331593 0.073279027567431182 -0.0099498633400011104
 0 0 0 0 0 -1.4980781897777737 0.33185827736348961 0.10229051668576701 0.14706803964685133 -0.19433600120068481 -0.10698581526230452 0.48254529578175465 -0.069439053271612317 0.11577894958264651 0.61350967918766774 -0.3705450599137311 0.091783145493284229 0.42397867369252917 -0.22265002562049802 0.044377210340853374 0.23229624821380673 0.29231670712913327 -0.32691661320005205 -0.16605517950672941 -0.059631896847607183 0.33487385842456135 -0.0096323250193391385 -0.371120221490636 0.17759219617375768 0.22989127680453389
 0 0 0 0 0 0 -1.688141275235151 -0.067217224638408624 0.21841959502009381 -0.22319758927670047 0.097262295831497009 -0.2404830442174819 0.3084300553832689 0.032439759389975537 0.3286918774515955 -0.21538834204794186 0.039457540030432892 0.81374936694821498 -0.034557079379893219 0.18126504999536969 -0.068237225271389479 -0.088445571603045059 -0.45117345992772351 0.21236632123616833 0.094375060616922718 -0.12623085702852896 -0.32923488620617453 0.32164829388968907 -0.17454660365602467 0.14714896437608438
 0 0 0 0 0 0 0 -1.2337950092976468 0.1659769559197313 -0.24963623744219099 -0.29597899435641628 0.20463502077059897 0.22153286394242722 -0.086793309105852506 -0.10886856783173023 -0.27461422671674895 0.051994974571473535 -0.51786668673417735 -0.25685333585561843 -0.1423016291785632 0.12002740317956434 0.0022068210996566973 -0.39175338663604997 -0.070618798690264661 0.062302672199423398 -0.5129542712845262 -0.0094721012205074007 0.086928607285564896 0.040131892895846955 0.71716641801448999
 0 0 0 0 0 0 0 0 0.97561318980618883 0.50525084838347434 -0.46713594805584308 0.13639664559129039 -0.22519329797546295 -0.083697770306270569 -0.13817635050166666 -0.13176871383197306 0.49192630105897484 0.069882430738230555 0.67419879669034155 0.072041833747949091 0.24645587045566983 -0.0036015807075122364 0.45543785704499856 -0.30008005366004142 -0.10115540095683545 -0.35563106710617792 0.32305524870353453 -0.26134181943069612 -0.0071321596924496383 -0.14382138597980387
 0 0 0 0 0 0 0 0 0 -1.1066423445411702 0.30437194670292211 -0.12762072526659712 0.23000600381316633 0.019417073952398878 -0.057439334031151992 -0.35160726449372603 0.19548258586046313 -0.069794342950426635 0.1161582067281263 -0.12518989905530456 -0.029475495953291075 -0.2153520341691281 0.25004078203274815 -0.092012003970700265 0.10723467958136651 0.36789865115331849 0.34268946735567862 -0.22931241515272952 0.23374850759885249 -0.27998268399455928
 0 0 0 0 0 0 0 0 0 0 -1.2756328795484104 0.29896314683233183 0.20028255569885001 0.27652219863251892 -0.083081643771767147 -0.19764606234533444 -0.13484041900711419 0.088291405382943777 -0.21619509960225539 -0.26790188518052749 -0.047281615423315965 0.36953291021444823 -0.0024002767212528142 0.63265049616216029 -0.022277104301391348 -0.31885472413628385 -0.00038193438461037177 -0.28818083713478804 0.094728536711886857 0.21615515967935339
 0 0 0 0 0 0 0 0 0 0 0 -1.1368301040033313 0.028293773864405874 -0.34869395697919275 0.22903428080179655 0.24612146902472243 -0.094073291099708134 -0.40974147160014396 -0.2167043948455723 0.37920237576891636 0.087052869369416502 -0.38181719892689403 0.2257031044840371 0.37138466026704164 -0.052720229487753012 -0.0057846890022835717 -0.43063672363930183 -0.3314484707126813 -0.25178978070502511 0.16527766706537944
 0 0 0 0 0 0 0 0 0 0 0 0 1.2214607886755131 0.10419335675438443 -0.13869783735296906 0.21313273150995141 -0.082208634963065894 0.020664147829099255 -0.22759211824705927 -0.22915245695029912 -0.072615790517713052 -0.43976238911149212 -0.33045127868221641 0.080480846719985288 -0.37431991147793314 -0.080778206167729683 -0.15945744495496017 0.62900528340842432 -0.13237344272120155 -0.29501571815091426
 0 0 0 0 0 0 0 0 0 0 0 0 0 -1.1141678468890852 0.11023015512851501 -0.35314445719392595 0.11655939571222092 -0.16757528821477774 0.19852232825461605 -0.016212122091121051 0.26955731849522552 0.037551816879599353 -0.15676196488317196 0.23074880535485665 0.2810666507042679 0.23960143653516425 0.064073239704514146 0.25774405736185702 0.037681694190437362 -0.26196104555508687
 0 0 0 0 0 0 0 0 0 0 0 0 0 0 1.108612623956658 -0.70574359089851102 -0.062728464787029994 0.066705388745707528 -0.67479197514961253 -0.43551572634078284 -0.0084347036316102519 0.20056629949261795 0.20669034986457133 -0.26510598922612549 0.49799283410487238 -0.050147932487170907 -0.21255498084115998 0.073066800762450923 -0.077703172220402211 -0.18583498636412107
 0 0 0 0 0 0 0 0 0 0 0 0 0 0 0 1.1206750896729976 0.49085813867299777 0.34538881061549143 0.048067466169978479 0.033883820145565985 0.13380777938748736 -0.097755146657951375 0.11032878563070422 -0.87714242978447099 -0.16669405244696303 0.00054123406994532886 0.095098231615078202 0.41068937550622936 -0.036973965586455652 0.12181140300856305
 0 0 0 0 0 0 0 0 0 0 0 0 0 0 0 0 1.2358509288687645 0.42858710101753816 -0.57152812732740654 0.29372318165945793 -0.014349507277095472 0.23600094958976903 -0.04743781537073026 -0.090359884055155326 0.05643914234068248 0.48828166375103321 -0.36489318755409023 -0.050804768276521473 -0.25354395190006707 0.040500211473748007
 0 0 0 0 0 0 0 0 0 0 0 0 0 0 0 0 0 0.71288284031596361 -0.039844214714597315 0.01341701312174115 0.35900316923878345 -0.061872424174541828 0.25562880866155352 0.090081437524841573 -0.38264071299144714 -0.21655425845324364 -0.20208918672581913 -0.15672038632663193 0.0096270738668616865 -0.12338468341001441
 0 0 0 0 0 0 0 0 0 0 0 0 0 0 0 0 0 0 -0.92265178265042103 -0.25301354353947692 0.11287182316135957 -0.11834242477297061 -0.19281304775658892 -0.32447493733427674 0.09067107720847617 0.11422859714142895 0.092936791837636673 -0.11726256040452199 0.047232067111741369 0.019421786589175961
 0 0 0 0 0 0 0 0 0 0 0 0 0 0 0 0 0 0 0 -1.3776887596014922 0.26238228626921711 0.1057101448876108 -0.075955725271125624 0.24821133906051066 0.17350366121113847 0.005327490763836755 0.026875060050875435 0.046062925781217116 -0.11035416320080436 0.029302359166286401
 0 0 0 0 0 0 0 0 0 0 0 0 0 0 0 0 0 0 0 0 0.92024289395508685 -0.13238756024331577 -0.038952874615626687 0.24464078069230832 0.19374463272708808 -0.097715668874567035 0.052930056123490832 -0.66061195096205694 0.5859700921736295 -0.44663490301365416
 0 0 0 0 0 0 0 0 0 0 0 0 0 0 0 0 0 0 0 0 0 -0.68517506698475295 -0.65053687384110193 0.26282955432390553 0.33435143288773328 0.19925682397043906 0.075438286991864195 -0.047733008106191521 -0.28042500438700735 -0.11076242798111494
 0 0 0 0 0 0 0 0 0 0 0 0 0 0 0 0 0 0 0 0 0 0 -0.81530179572553307 -0.13609649934566284 -0.41017024479054914 0.24230884325823956 0.035621651933377574 -0.30163767638121719 0.012925919413049436 -0.77363908737618492
 0 0 0 0 0 0 0 0 0 0 0 0 0 0 0 0 0 0 0 0 0 0 0 -0.55851681962809208 -0.3868853584976949 -0.22693661268530235 0.055191451808780101 0.5434790101271112 -0.064617814116897279 0.39408020024914436
 0 0 0 0 0 0 0 0 0 0 0 0 0 0 0 0 0 0 0 0 0 0 0 0 -0.46411279390818538 -0.33233556937145903 0.51442613914217694 0.21895420230741891 0.23545992443934832 0.37083865881390721
 0 0 0 0 0 0 0 0 0 0 0 0 0 0 0 0 0 0 0 0 0 0 0 0 0 0.46454114741206781 -0.76253505070468119 -0.013397527915191748 0.26779852986779717 -0.017639339016711844
 0 0 0 0 0 0 0 0 0 0 0 0 0 0 0 0 0 0 0 0 0 0 0 0 0 0 0.35496082255917061 0.064834033124714252 0.097638110057358812 -0.22502356399907411
 0 0 0 0 0 0 0 0 0 0 0 0 0 0 0 0 0 0 0 0 0 0 0 0 0 0 0 0.25878815941025118 -0.066555831295351461 0.17855960072965008
 0 0 0 0 0 0 0 0 0 0 0 0 0 0 0 0 0 0 0 0 0 0 0 0 0 0 0 0 -0.036702568501094428 0.037475867661056539


