# Blender v2.79 (sub 0) OBJ File: ''
# www.blender.org
o Shape_IndexedFaceSet.012_Shape_IndexedFaceSet.020
v 0.983494 -1.073633 -0.672438
v 1.863890 -0.780089 -0.965788
v 1.863890 -0.780089 -0.745775
v 1.790466 -1.880584 -0.892451
v 1.203593 -0.780089 -1.259311
v 1.643791 -1.880584 -0.378915
v 1.130255 -1.880584 -0.892451
v 1.203593 -0.780089 -0.452339
v 1.203593 -1.807117 -0.452339
v 1.570367 -0.853556 -1.259311
v 0.983494 -0.780089 -1.039212
v 1.570367 -0.780089 -0.452339
v 1.423692 -1.733650 -1.039212
v 1.790466 -1.880584 -0.525676
v 1.056918 -0.780089 -0.525676
v 1.717129 -0.780089 -0.525676
v 1.350441 -1.880584 -0.378915
v 1.790466 -1.000274 -1.112550
v 0.983494 -1.000274 -1.039212
v 1.130255 -1.880584 -0.599014
v 1.350441 -1.000274 -1.259311
v 1.643791 -1.660398 -1.039212
v 1.056918 -0.853556 -1.185887
v 1.277017 -1.880584 -0.965788
v 1.350441 -1.587039 -0.378915
v 1.863890 -1.073633 -0.892451
v 1.717129 -0.780089 -1.185887
v 0.983494 -0.780089 -0.672438
v 1.643791 -1.880584 -0.965788
v 1.130255 -1.000274 -1.185887
v 1.790466 -0.780089 -0.599014
v 1.717129 -0.927022 -1.185887
v 1.790466 -1.660398 -0.525676
v 1.643791 -1.807117 -0.378915
v 1.423692 -1.000274 -1.259311
v 1.863890 -0.927022 -0.965788
v 0.983494 -1.073633 -0.965788
v 1.056918 -0.927022 -0.525676
v 1.496943 -1.587039 -0.378915
v 1.203593 -0.853556 -1.259311
v 1.570367 -0.780089 -1.259311
v 1.203593 -1.807117 -0.965788
v 1.863890 -1.073633 -0.819113
v 1.496943 -1.733650 -1.039212
v 1.056918 -1.366962 -0.599014
v 1.717129 -1.807117 -0.965788
v 1.056918 -0.780089 -1.185887
v 1.790466 -0.780089 -1.112550
v 1.643791 -1.073633 -1.185887
v 1.717129 -1.660398 -0.452339
v 1.863890 -0.853556 -0.745775
v 1.130255 -1.220351 -1.112550
s off
f 30 42 52
f 3 2 5
f 4 6 7
f 3 5 8
f 8 5 11
f 3 8 12
f 6 4 14
f 8 11 15
f 3 12 16
f 7 6 17
f 1 11 19
f 1 7 20
f 7 17 20
f 17 9 20
f 5 10 21
f 7 19 23
f 19 11 23
f 4 7 24
f 21 13 24
f 12 8 25
f 8 15 25
f 17 6 25
f 15 17 25
f 2 3 26
f 14 4 26
f 5 2 27
f 11 1 28
f 1 15 28
f 15 11 28
f 4 24 29
f 24 13 29
f 3 16 31
f 18 4 32
f 10 27 32
f 27 18 32
f 14 3 33
f 6 14 33
f 3 31 33
f 31 16 33
f 16 12 34
f 25 6 34
f 6 33 34
f 21 10 35
f 13 21 35
f 10 22 35
f 18 2 36
f 4 18 36
f 2 26 36
f 26 4 36
f 7 1 37
f 1 19 37
f 19 7 37
f 15 1 38
f 9 17 38
f 17 15 38
f 12 25 39
f 34 12 39
f 25 34 39
f 5 21 40
f 23 5 40
f 21 24 40
f 30 23 40
f 10 5 41
f 5 27 41
f 27 10 41
f 24 7 42
f 40 24 42
f 30 40 42
f 26 3 43
f 14 26 43
f 29 13 44
f 22 29 44
f 13 35 44
f 35 22 44
f 1 20 45
f 20 9 45
f 38 1 45
f 9 38 45
f 29 22 46
f 4 29 46
f 32 4 46
f 22 32 46
f 11 5 47
f 5 23 47
f 23 11 47
f 2 18 48
f 27 2 48
f 18 27 48
f 22 10 49
f 32 22 49
f 10 32 49
f 33 16 50
f 16 34 50
f 34 33 50
f 3 14 51
f 43 3 51
f 14 43 51
f 7 23 52
f 23 30 52
f 42 7 52
o Shape_IndexedFaceSet.011_Shape_IndexedFaceSet.019
v 2.230556 -2.320709 -0.379008
v 1.423893 -2.687613 -0.599050
v 1.423893 -2.687613 -0.672344
v 1.130227 -1.880662 -0.819012
v 1.937120 -2.540773 -1.039133
v 1.423893 -1.954043 -0.305635
v 1.790401 -1.880662 -0.892386
v 2.083838 -2.614153 -0.232340
v 2.230556 -2.614153 -0.819012
v 1.423893 -2.467392 -0.305635
v 1.717100 -1.880662 -0.379008
v 1.277060 -1.954043 -0.965759
v 2.230556 -2.320709 -0.819012
v 1.423893 -2.540773 -0.892386
v 1.130227 -1.880662 -0.599050
v 2.083838 -2.320709 -0.232340
v 1.277060 -2.467392 -0.525676
v 1.643913 -2.540773 -0.232340
v 2.303973 -2.540773 -0.452382
v 2.230556 -2.247487 -0.452382
v 1.790401 -2.687613 -0.819012
v 1.863818 -2.687613 -0.379008
v 1.643913 -1.880662 -0.965759
v 1.643913 -2.614153 -0.965759
v 1.937120 -2.394090 -1.039133
v 1.350476 -2.614153 -0.745718
v 1.277060 -1.880662 -0.379008
v 1.277060 -2.174106 -0.379008
v 2.083838 -2.614153 -0.965759
v 2.303973 -2.394090 -0.745718
v 1.790401 -1.880662 -0.452382
v 1.130227 -1.954043 -0.819012
v 1.790401 -2.540773 -1.039133
v 2.230556 -2.614153 -0.452382
v 1.497195 -2.614153 -0.379008
v 1.277060 -1.880662 -0.965759
v 1.497195 -2.467392 -0.965759
v 2.083838 -2.394090 -0.965759
v 1.790401 -2.614153 -0.232340
v 2.230556 -2.247487 -0.599050
v 1.350476 -2.614153 -0.525676
v 1.643913 -1.954043 -0.305635
v 1.643913 -2.394090 -0.232340
v 1.130227 -1.954043 -0.599050
v 2.303973 -2.394090 -0.452382
v 1.277060 -2.394090 -0.452382
v 2.303973 -2.540773 -0.745718
v 1.350476 -2.394090 -0.892386
v 1.277060 -2.467392 -0.672344
v 1.497195 -2.687613 -0.525676
v 1.497195 -2.687613 -0.745718
v 1.497195 -2.614153 -0.892386
v 1.790401 -2.394090 -1.039133
v 1.350476 -2.540773 -0.819012
v 1.350476 -2.467392 -0.379008
v 1.790401 -2.687613 -0.379008
v 1.863818 -2.687613 -0.525676
v 1.937120 -2.320709 -0.232340
v 1.643913 -2.687613 -0.819012
v 1.423893 -2.320709 -0.965759
v 1.497195 -2.540773 -0.305635
v 2.157254 -2.320709 -0.305635
v 2.157254 -2.540773 -0.305635
v 1.570496 -2.540773 -0.965759
v 2.157254 -2.394090 -0.892386
v 1.277060 -2.174106 -0.892386
v 2.157254 -2.540773 -0.892386
s off
f 117 99 119
f 59 56 63
f 63 56 67
f 58 62 70
f 60 68 70
f 63 68 72
f 54 55 73
f 54 73 74
f 56 59 75
f 55 54 78
f 62 58 79
f 58 63 79
f 63 67 79
f 79 67 80
f 62 79 80
f 61 73 81
f 76 57 81
f 73 76 81
f 57 77 81
f 59 63 83
f 72 59 83
f 63 72 83
f 56 64 84
f 67 56 84
f 57 76 85
f 77 57 85
f 71 60 86
f 61 71 86
f 60 74 86
f 74 61 86
f 64 56 88
f 56 75 88
f 75 77 88
f 85 64 88
f 59 65 90
f 75 59 90
f 77 75 90
f 81 77 90
f 60 70 91
f 74 60 91
f 65 59 92
f 59 72 92
f 82 65 92
f 72 82 92
f 78 54 93
f 69 78 93
f 63 58 94
f 58 68 94
f 68 63 94
f 58 70 95
f 70 68 95
f 80 67 96
f 67 84 96
f 84 69 96
f 72 53 97
f 71 82 97
f 82 72 97
f 69 93 98
f 80 96 98
f 96 69 98
f 71 61 99
f 61 81 99
f 82 71 99
f 89 66 100
f 78 69 101
f 69 84 101
f 84 78 101
f 54 74 102
f 93 54 102
f 87 93 102
f 73 55 103
f 55 78 103
f 103 78 104
f 66 89 104
f 76 103 104
f 77 85 105
f 88 77 105
f 85 88 105
f 78 84 106
f 100 66 106
f 84 100 106
f 104 78 106
f 66 104 106
f 62 80 107
f 80 98 107
f 98 93 107
f 74 91 108
f 91 87 108
f 102 74 108
f 87 102 108
f 73 61 109
f 61 74 109
f 74 73 109
f 68 58 110
f 58 95 110
f 95 68 110
f 76 73 111
f 73 103 111
f 103 76 111
f 64 85 112
f 85 89 112
f 100 64 112
f 89 100 112
f 70 62 113
f 91 70 113
f 87 91 113
f 93 87 113
f 62 107 113
f 107 93 113
f 68 60 114
f 53 72 114
f 72 68 114
f 97 53 114
f 71 97 114
f 60 71 115
f 114 60 115
f 71 114 115
f 85 76 116
f 89 85 116
f 104 89 116
f 76 104 116
f 65 82 117
f 90 65 117
f 81 90 117
f 82 99 117
f 84 64 118
f 64 100 118
f 100 84 118
f 99 81 119
f 81 117 119
o Shape_IndexedFaceSet.010_Shape_IndexedFaceSet.018
v 0.983494 -1.073755 0.941622
v 1.863890 -0.780204 0.794946
v 1.863890 -0.780204 1.015045
v 1.790466 -1.953950 0.501510
v 1.277017 -0.780204 0.428172
v 1.130255 -1.953950 0.794946
v 1.570367 -1.880418 1.015045
v 1.130255 -0.780204 1.235144
v 1.350441 -1.953950 0.354748
v 0.983494 -0.780204 0.648271
v 1.790466 -0.780204 0.574847
v 1.643791 -0.853620 1.235144
v 1.790466 -1.953950 0.868284
v 1.643791 -1.807117 0.354748
v 1.130255 -1.880418 0.574847
v 1.203593 -1.880418 0.941622
v 1.350441 -1.073755 1.235144
v 1.496943 -0.780204 0.428172
v 0.983494 -0.853620 1.088383
v 1.790466 -0.780204 1.161721
v 0.983494 -1.073755 0.648271
v 1.130255 -1.367077 0.501510
v 1.717129 -1.953950 0.941622
v 1.863890 -1.073755 0.868284
v 1.423692 -1.880418 1.015045
v 1.130255 -0.853620 1.235144
v 1.130255 -0.780204 0.501510
v 1.277017 -1.953950 0.941622
v 1.643791 -1.953950 0.354748
v 1.790466 -0.853620 1.161721
v 0.983494 -0.780204 1.088383
v 1.130255 -1.880418 0.868284
v 1.056918 -0.927037 1.161721
v 1.130255 -1.953950 0.648271
v 1.350441 -1.807117 0.354748
v 1.790466 -1.733700 0.501510
v 1.423692 -1.073755 1.235144
v 1.643791 -0.780204 1.235144
v 1.863890 -0.853620 1.015045
v 1.203593 -1.953950 0.501510
v 1.863890 -1.073755 0.794946
v 0.983494 -1.000338 1.015045
v 1.277017 -1.733700 1.015045
v 1.863890 -1.000338 0.941622
v 1.717129 -1.733700 0.428172
v 1.643791 -0.780204 0.501510
v 1.203593 -0.927037 1.235144
v 1.203593 -1.953950 0.868284
s off
f 147 135 167
f 122 121 124
f 122 124 127
f 123 125 128
f 127 124 129
f 124 121 130
f 125 123 132
f 131 127 136
f 124 130 137
f 133 124 137
f 129 120 138
f 122 127 139
f 125 120 140
f 120 129 140
f 134 140 141
f 140 129 141
f 131 126 142
f 125 132 142
f 121 122 143
f 132 123 143
f 126 136 144
f 142 126 144
f 136 127 145
f 127 138 145
f 129 124 146
f 128 141 146
f 141 129 146
f 125 142 147
f 142 144 147
f 123 128 148
f 128 133 148
f 133 123 148
f 122 139 149
f 139 131 149
f 131 142 149
f 142 132 149
f 127 129 150
f 129 138 150
f 138 127 150
f 125 135 151
f 145 138 152
f 135 145 152
f 151 135 152
f 138 151 152
f 128 125 153
f 125 140 153
f 140 134 153
f 124 133 154
f 133 128 154
f 146 124 154
f 128 146 154
f 121 123 155
f 130 121 155
f 123 133 155
f 126 131 156
f 136 126 156
f 131 136 156
f 127 131 157
f 139 127 157
f 131 139 157
f 143 122 158
f 122 149 158
f 149 132 158
f 134 141 159
f 141 128 159
f 128 153 159
f 153 134 159
f 123 121 160
f 121 143 160
f 143 123 160
f 120 125 161
f 138 120 161
f 125 151 161
f 151 138 161
f 145 135 162
f 135 147 162
f 147 144 162
f 132 143 163
f 143 158 163
f 158 132 163
f 133 130 164
f 130 155 164
f 155 133 164
f 130 133 165
f 137 130 165
f 133 137 165
f 144 136 166
f 136 145 166
f 145 162 166
f 162 144 166
f 135 125 167
f 125 147 167
o Shape_IndexedFaceSet.009_Shape_IndexedFaceSet.017
v 1.497216 -2.540766 0.941593
v 2.083816 -2.467449 0.208174
v 2.157168 -2.320745 0.281468
v 1.203701 -1.954022 0.501510
v 1.717272 -1.954022 0.941593
v 2.304088 -2.540766 0.794846
v 1.423864 -2.687541 0.574883
v 1.423864 -2.027410 0.281468
v 1.277160 -1.954022 0.941593
v 1.937112 -2.614153 1.014966
v 1.790408 -1.954022 0.428215
v 1.497216 -2.540766 0.281468
v 2.230520 -2.614153 0.428215
v 2.230520 -2.247501 0.574883
v 1.277160 -2.467449 0.648178
v 2.010464 -2.320745 1.014966
v 1.863760 -2.687541 0.428215
v 2.304088 -2.394062 0.794846
v 1.277160 -2.320745 0.428215
v 1.717272 -2.540766 0.208174
v 1.423864 -2.687541 0.721551
v 1.203701 -2.100797 0.794846
v 1.643920 -2.540766 1.014966
v 2.304088 -2.394062 0.501510
v 1.350512 -2.467449 0.868219
v 2.230520 -2.614153 0.794846
v 1.790408 -2.687541 0.794846
v 2.083816 -2.614153 0.281468
v 1.643920 -2.027410 0.281468
v 1.790408 -1.954022 0.868219
v 1.277160 -2.467449 0.501510
v 1.643920 -2.614153 0.281468
v 1.717272 -1.954022 0.354842
v 1.203701 -2.174113 0.574883
v 2.230520 -2.540766 0.354842
v 2.230520 -2.247501 0.501510
v 1.717272 -2.394062 0.208174
v 1.423864 -2.320745 0.281468
v 1.570568 -2.614153 0.941593
v 2.304088 -2.540766 0.501510
v 1.350512 -1.954022 0.354842
v 1.643920 -2.394062 1.014966
v 2.230520 -2.540766 0.868219
v 1.277160 -2.027410 0.941593
v 1.203701 -1.954022 0.794846
v 1.350512 -2.614153 0.721551
v 1.350512 -2.540766 0.428215
v 1.277160 -2.394062 0.794846
v 2.083816 -2.540766 0.208174
v 1.790408 -2.614153 1.014966
v 2.010464 -2.540766 1.014966
v 1.643920 -2.687541 0.428215
v 1.497216 -2.614153 0.354842
v 2.083816 -2.614153 0.941593
v 1.350512 -2.247501 0.941593
v 1.350512 -2.394062 0.354842
v 1.570568 -2.687541 0.794846
v 2.157168 -2.247501 0.794846
v 1.203701 -2.100797 0.501510
v 1.203701 -2.174113 0.721551
v 1.350512 -2.614153 0.574883
v 1.277160 -2.247501 0.868219
v 1.863760 -2.320745 1.014966
v 1.863760 -2.394062 0.208174
v 2.230520 -2.394062 0.354842
v 2.230520 -2.394062 0.868219
v 1.423864 -2.614153 0.428215
v 1.863760 -2.687541 0.501510
v 2.157168 -2.540766 0.281468
s off
f 195 216 236
f 172 171 176
f 171 172 178
f 172 176 183
f 172 183 185
f 174 184 188
f 177 183 190
f 185 173 191
f 181 185 191
f 180 173 193
f 184 180 193
f 188 184 194
f 180 184 195
f 170 169 196
f 178 172 197
f 181 178 197
f 172 185 197
f 179 187 199
f 195 184 199
f 187 195 199
f 171 178 200
f 178 170 200
f 170 196 200
f 196 175 200
f 189 171 201
f 198 182 201
f 170 178 203
f 178 181 203
f 191 170 203
f 181 191 203
f 169 187 204
f 187 175 204
f 175 196 204
f 171 175 205
f 175 187 205
f 187 179 205
f 190 168 206
f 168 192 206
f 192 188 206
f 173 180 207
f 191 173 207
f 202 191 207
f 180 202 207
f 175 171 208
f 171 200 208
f 200 175 208
f 176 190 209
f 190 183 209
f 173 185 210
f 176 189 211
f 190 176 211
f 176 171 212
f 189 176 212
f 171 189 212
f 174 188 213
f 188 192 213
f 182 198 213
f 182 213 215
f 213 192 215
f 169 170 216
f 187 169 216
f 195 187 216
f 177 190 217
f 194 177 217
f 190 206 217
f 183 177 218
f 210 183 218
f 184 174 219
f 199 184 219
f 199 219 220
f 179 199 220
f 214 179 220
f 219 174 220
f 193 173 221
f 194 193 221
f 177 194 221
f 173 210 221
f 218 177 221
f 210 218 221
f 168 190 222
f 192 168 222
f 190 211 222
f 198 186 223
f 205 179 223
f 179 214 223
f 214 198 223
f 188 194 224
f 206 188 224
f 194 217 224
f 217 206 224
f 185 181 225
f 181 197 225
f 197 185 225
f 186 198 226
f 201 171 226
f 198 201 226
f 171 205 226
f 223 186 226
f 205 223 226
f 189 201 227
f 201 182 227
f 182 215 227
f 215 189 227
f 174 213 228
f 213 198 228
f 198 214 228
f 211 189 229
f 189 215 229
f 215 192 229
f 192 222 229
f 222 211 229
f 183 176 230
f 176 209 230
f 209 183 230
f 196 169 231
f 169 204 231
f 204 196 231
f 170 191 232
f 202 170 232
f 191 202 232
f 185 183 233
f 183 210 233
f 210 185 233
f 220 174 234
f 214 220 234
f 174 228 234
f 228 214 234
f 184 193 235
f 194 184 235
f 193 194 235
f 180 195 236
f 170 202 236
f 202 180 236
f 216 170 236
o Shape_IndexedFaceSet.008_Shape_IndexedFaceSet.016
v -1.951489 -0.486623 -0.672560
v -3.564924 -1.587118 -0.525705
v -3.638584 -1.440185 -0.525705
v -2.904785 -0.633557 -1.185944
v -2.978115 -0.486623 -0.232276
v -2.831454 -1.587118 -0.452418
v -3.491593 -0.486623 -0.819041
v -2.978115 -1.587118 -0.892422
v -2.024820 -0.560090 -1.185944
v -3.418263 -1.440185 -0.892422
v -2.978115 -1.587118 -0.305656
v -2.391637 -0.560090 -0.305656
v -3.564924 -1.146856 -0.379037
v -3.124776 -0.486623 -1.112470
v -1.951489 -0.633557 -0.965709
v -3.418263 -1.513651 -0.305656
v -3.491593 -0.486623 -0.599086
v -2.098150 -0.633557 -0.525705
v -2.831454 -1.587118 -0.745567
v -2.024820 -0.486623 -1.185944
v -3.638584 -1.073497 -0.672560
v -2.611628 -0.486623 -0.232276
v -3.344933 -1.587118 -0.892422
v -2.024820 -0.706809 -0.745567
v -3.638584 -1.440185 -0.672560
v -3.271602 -0.706809 -1.039090
v -2.244811 -0.633557 -1.185944
v -3.344933 -0.486623 -0.452418
v -3.638584 -1.220215 -0.452418
v -2.244811 -0.560090 -0.379037
v -2.904785 -0.486623 -1.185944
v -3.491593 -1.587118 -0.379037
v -1.951489 -0.560090 -1.112470
v -3.418263 -1.146856 -0.305656
v -2.611628 -0.560090 -0.232276
v -3.344933 -1.587118 -0.305656
v -3.051445 -1.366933 -0.965709
v -2.244811 -0.486623 -0.379037
v -1.951489 -0.560090 -0.672560
v -3.564924 -1.587118 -0.672560
v -2.024820 -0.633557 -1.112470
v -3.271602 -0.486623 -1.039090
v -2.318141 -0.706809 -0.379037
v -3.124776 -0.486623 -0.305656
v -3.638584 -1.366933 -0.452418
v -3.124776 -0.633557 -1.112470
v -2.978115 -0.560090 -0.232276
v -1.951489 -0.486623 -1.112470
v -2.171481 -0.633557 -0.452418
v -1.951489 -0.633557 -0.819041
v -3.638584 -1.073497 -0.599086
v -3.564924 -1.366933 -0.379037
v -2.318141 -0.853527 -0.452418
v -2.098150 -0.706809 -0.599086
v -2.391637 -0.486623 -0.305656
v -3.124776 -1.366933 -0.965709
v -2.024820 -0.706809 -0.965709
s off
f 277 251 293
f 241 237 243
f 242 238 244
f 238 242 247
f 243 237 250
f 241 243 253
f 242 244 255
f 251 242 255
f 245 240 256
f 250 237 256
f 253 243 257
f 237 241 258
f 244 238 259
f 246 240 259
f 238 239 261
f 239 257 261
f 246 259 261
f 261 257 262
f 246 261 262
f 245 244 263
f 240 245 263
f 241 253 264
f 253 249 264
f 249 253 265
f 257 239 265
f 240 250 267
f 256 240 267
f 250 256 267
f 239 238 268
f 238 247 268
f 237 251 269
f 245 256 269
f 252 241 270
f 249 252 270
f 247 248 271
f 258 241 271
f 248 258 271
f 268 247 272
f 252 268 272
f 247 271 272
f 244 259 273
f 240 263 273
f 263 244 273
f 254 237 274
f 237 258 274
f 248 266 274
f 266 254 274
f 251 237 275
f 237 254 275
f 259 238 276
f 238 261 276
f 261 259 276
f 244 245 277
f 255 244 277
f 269 251 277
f 245 269 277
f 243 250 278
f 257 243 278
f 250 262 278
f 262 257 278
f 248 247 279
f 266 248 279
f 241 264 280
f 264 249 280
f 270 241 280
f 249 270 280
f 265 239 281
f 249 265 281
f 239 268 281
f 240 246 282
f 250 240 282
f 246 262 282
f 262 250 282
f 241 252 283
f 271 241 283
f 252 272 283
f 272 271 283
f 256 237 284
f 237 269 284
f 269 256 284
f 254 266 285
f 279 247 285
f 266 279 285
f 242 251 286
f 260 242 286
f 251 275 286
f 275 260 286
f 253 257 287
f 265 253 287
f 257 265 287
f 252 249 288
f 268 252 288
f 249 281 288
f 281 268 288
f 247 242 289
f 242 254 289
f 285 247 289
f 254 285 289
f 254 242 290
f 242 260 290
f 275 254 290
f 260 275 290
f 258 248 291
f 274 258 291
f 248 274 291
f 259 240 292
f 273 259 292
f 240 273 292
f 251 255 293
f 255 277 293
o Shape_IndexedFaceSet.007_Shape_IndexedFaceSet.015
v -2.097892 -2.467342 -0.745682
v -2.904850 -2.687613 -0.452346
v -2.978122 -2.540694 -0.305642
v -3.344897 -1.587226 -0.892386
v -2.978122 -1.587226 -0.305642
v -2.831304 -2.614046 -0.965702
v -2.244847 -2.540694 -0.305642
v -3.491852 -1.807389 -0.525734
v -2.978122 -1.587226 -0.892386
v -2.391393 -2.687613 -0.965702
v -3.198351 -2.393990 -0.745682
v -3.344897 -1.587226 -0.305642
v -2.171301 -2.320638 -0.452346
v -2.831304 -1.587226 -0.745682
v -2.244847 -2.467342 -0.965702
v -2.464802 -2.540694 -0.232254
v -2.171301 -2.687613 -0.525734
v -2.171301 -2.320638 -0.818998
v -3.491852 -1.587226 -0.745682
v -3.051395 -2.540694 -0.892386
v -3.198351 -2.320638 -0.379030
v -2.831304 -1.587226 -0.452346
v -2.904850 -2.173934 -0.965702
v -2.244847 -2.393990 -0.305642
v -2.097892 -2.614046 -0.818998
v -2.097892 -2.393990 -0.525734
v -2.318120 -2.687613 -0.379030
v -2.758440 -2.687613 -0.892386
v -3.344897 -1.734038 -0.305642
v -2.611621 -2.540694 -0.232254
v -2.464802 -2.393990 -0.232254
v -3.418442 -1.880741 -0.745682
v -3.491852 -1.587226 -0.452346
v -2.978122 -2.393990 -0.965702
v -2.097892 -2.614046 -0.525734
v -3.418442 -1.807389 -0.379030
v -3.051395 -2.540694 -0.379030
v -3.271624 -2.247286 -0.452346
v -3.344897 -1.660686 -0.892386
v -2.684894 -2.687613 -0.379030
v -2.244847 -2.687613 -0.892386
v -2.391393 -2.320638 -0.965702
v -2.244847 -2.320638 -0.892386
v -2.904850 -2.687613 -0.598978
v -3.198351 -2.100797 -0.305642
v -3.491852 -1.807389 -0.598978
v -3.198351 -2.393990 -0.598978
v -3.491852 -1.660686 -0.745682
v -2.611621 -2.393990 -0.232254
v -2.244847 -2.540694 -0.965702
v -2.758440 -2.614046 -0.305642
v -2.978122 -2.614046 -0.818998
v -3.491852 -1.734038 -0.452346
v -2.611621 -2.687613 -0.965702
v -2.097892 -2.540694 -0.818998
v -3.271624 -2.173934 -0.379030
v -2.171301 -2.687613 -0.672294
v -2.097892 -2.393990 -0.598978
v -2.831304 -2.173934 -0.965702
v -2.318120 -2.614046 -0.305642
v -2.978122 -2.247286 -0.965702
v -3.124941 -2.467342 -0.452346
v -2.171301 -2.467342 -0.892386
v -2.171301 -2.614046 -0.892386
v -2.904850 -2.540694 -0.965702
s off
f 313 327 358
f 297 298 302
f 298 297 305
f 302 298 307
f 303 299 308
f 295 303 310
f 302 307 311
f 305 297 312
f 307 298 315
f 297 302 316
f 308 299 316
f 309 300 317
f 315 298 317
f 306 315 317
f 315 306 319
f 307 315 319
f 317 300 319
f 306 317 319
f 318 294 319
f 295 310 320
f 310 300 320
f 303 295 321
f 313 299 321
f 320 309 323
f 305 322 323
f 298 305 324
f 309 317 324
f 317 298 324
f 323 309 324
f 313 304 325
f 312 301 326
f 305 312 326
f 316 299 327
f 300 310 328
f 310 318 328
f 319 300 328
f 318 319 328
f 322 305 329
f 305 326 329
f 295 296 330
f 296 314 330
f 312 297 332
f 327 313 332
f 297 327 332
f 295 320 333
f 320 323 333
f 310 303 334
f 308 316 335
f 302 311 336
f 335 302 336
f 308 335 336
f 295 304 337
f 304 313 337
f 321 295 337
f 314 296 338
f 296 323 338
f 323 322 338
f 322 329 338
f 304 301 339
f 301 312 339
f 325 304 339
f 304 295 340
f 301 304 340
f 331 301 340
f 313 325 341
f 312 332 341
f 332 313 341
f 339 312 341
f 325 339 341
f 305 323 342
f 324 305 342
f 323 324 342
f 303 308 343
f 296 295 344
f 323 296 344
f 295 333 344
f 333 323 344
f 313 321 345
f 337 313 345
f 321 337 345
f 326 301 346
f 329 326 346
f 301 331 346
f 299 303 347
f 321 299 347
f 303 321 347
f 311 294 348
f 294 318 348
f 331 314 349
f 314 338 349
f 338 329 349
f 329 346 349
f 346 331 349
f 318 310 350
f 310 334 350
f 334 318 350
f 294 311 351
f 311 307 351
f 319 294 351
f 307 319 351
f 316 302 352
f 302 335 352
f 335 316 352
f 300 309 353
f 309 320 353
f 320 300 353
f 297 316 354
f 327 297 354
f 316 327 354
f 295 330 355
f 330 314 355
f 314 331 355
f 340 295 355
f 331 340 355
f 336 311 356
f 308 336 356
f 343 308 356
f 311 348 356
f 348 318 356
f 334 303 357
f 318 334 357
f 303 343 357
f 343 356 357
f 356 318 357
f 299 313 358
f 327 299 358
o Shape_IndexedFaceSet.006_Shape_IndexedFaceSet.014
v -1.951489 -0.486623 1.088289
v -3.564924 -1.587118 0.648379
v -3.564924 -1.587118 0.501524
v -3.491593 -0.486623 0.794860
v -2.464967 -0.486623 0.281382
v -2.831454 -1.587118 0.428143
v -3.124776 -1.513651 0.941621
v -2.978115 -0.486623 1.161764
v -3.124776 -0.486623 0.281382
v -1.951489 -0.560090 0.648379
v -3.418263 -1.440185 0.281382
v -3.638584 -1.220215 0.428143
v -2.831454 -1.587118 0.721666
v -2.318141 -0.560090 1.235144
v -3.638584 -1.366933 0.721666
v -2.978115 -1.587118 0.281382
v -2.024820 -0.633557 1.088289
v -3.198107 -0.633557 1.088289
v -3.491593 -0.486623 0.574905
v -2.244811 -0.560090 0.354763
v -1.951489 -0.633557 0.941621
v -3.344933 -1.587118 0.868147
v -2.978115 -1.587118 0.868147
v -2.904785 -0.706809 1.161764
v -1.951489 -0.486623 0.648379
v -3.638584 -1.146856 0.721666
v -3.418263 -1.513651 0.868147
v -2.024820 -0.560090 1.161764
v -2.611628 -0.560090 1.235144
v -2.318141 -0.486623 1.235144
v -3.344933 -1.587118 0.281382
v -3.198107 -0.486623 1.088289
v -2.098150 -0.706809 0.574905
v -1.951489 -0.633557 0.794860
v -3.051445 -1.513651 0.941621
v -3.491593 -1.073497 0.354763
v -3.638584 -1.073497 0.574905
v -3.638584 -1.440185 0.501524
v -2.978115 -0.633557 1.161764
v -3.564924 -1.000245 0.428143
v -3.418263 -1.293574 0.281382
v -3.491593 -1.513651 0.354763
v -2.244811 -0.486623 0.354763
v -2.244811 -0.706809 0.428143
v -3.418263 -0.486623 0.501524
v -2.464967 -0.560090 0.281382
v -3.271602 -1.366933 0.941621
v -2.611628 -0.486623 1.235144
v -2.024820 -0.486623 1.161764
v -3.638584 -1.293574 0.428143
v -1.951489 -0.560090 1.088289
v -3.638584 -1.440185 0.648379
v -3.638584 -1.073497 0.648379
v -3.564924 -1.513651 0.428143
v -3.564924 -1.513651 0.721666
v -2.024820 -0.706809 0.941621
v -3.344933 -1.220215 0.941621
v -3.271602 -0.486623 1.015002
v -2.171481 -0.633557 1.161764
v -3.491593 -1.587118 0.721666
s off
f 380 413 418
f 362 359 363
f 360 361 364
f 359 362 366
f 362 363 367
f 367 363 369
f 360 364 371
f 364 361 374
f 369 363 374
f 362 367 377
f 368 359 379
f 371 364 379
f 360 371 380
f 371 375 381
f 380 371 381
f 365 380 381
f 363 359 383
f 359 368 383
f 368 378 383
f 370 373 384
f 373 376 384
f 381 375 386
f 365 372 387
f 382 365 387
f 359 366 388
f 372 386 388
f 387 372 388
f 374 361 389
f 369 374 389
f 366 362 390
f 376 366 390
f 384 376 390
f 368 364 391
f 364 374 391
f 378 368 391
f 364 368 392
f 368 379 392
f 379 364 392
f 372 365 393
f 365 381 393
f 381 386 393
f 362 377 395
f 377 370 395
f 370 384 395
f 361 360 396
f 373 370 396
f 366 376 397
f 365 382 397
f 387 366 397
f 382 387 397
f 370 377 398
f 367 394 398
f 394 370 398
f 367 369 399
f 369 370 399
f 394 367 399
f 370 394 399
f 369 389 400
f 378 363 401
f 363 383 401
f 383 378 401
f 374 378 402
f 391 374 402
f 378 391 402
f 377 367 403
f 367 398 403
f 398 377 403
f 374 363 404
f 363 378 404
f 378 374 404
f 380 365 405
f 385 380 405
f 365 397 405
f 366 387 406
f 388 366 406
f 387 388 406
f 386 359 407
f 359 388 407
f 388 386 407
f 370 369 408
f 396 370 408
f 369 400 408
f 379 359 409
f 375 379 409
f 359 386 409
f 386 375 409
f 360 373 410
f 396 360 410
f 373 396 410
f 384 362 411
f 362 395 411
f 395 384 411
f 389 361 412
f 361 396 412
f 400 389 412
f 396 408 412
f 408 400 412
f 373 360 413
f 385 373 413
f 380 385 413
f 375 371 414
f 371 379 414
f 379 375 414
f 376 373 415
f 373 385 415
f 397 376 415
f 385 405 415
f 405 397 415
f 362 384 416
f 390 362 416
f 384 390 416
f 386 372 417
f 372 393 417
f 393 386 417
f 360 380 418
f 413 360 418
o Shape_IndexedFaceSet.005_Shape_IndexedFaceSet.013
v -2.171301 -2.320638 0.501524
v -2.904850 -2.687613 0.574905
v -2.978122 -2.614046 0.794903
v -3.491852 -1.587226 0.428215
v -2.978122 -1.587226 0.868212
v -2.318120 -2.614046 1.014902
v -2.318120 -2.614046 0.281526
v -2.904850 -1.587226 0.354834
v -3.344897 -1.734038 0.868212
v -2.904850 -2.540694 0.281526
v -2.171301 -2.320638 0.794903
v -3.344897 -1.587226 0.281526
v -3.271624 -2.247286 0.501524
v -2.831304 -2.540694 1.014902
v -2.171301 -2.687613 0.501524
v -2.831304 -1.587226 0.721523
v -3.491852 -1.734038 0.721523
v -2.244847 -2.467342 0.281526
v -2.684894 -2.687613 0.941593
v -3.051395 -2.540694 0.868212
v -2.391393 -2.393990 1.014902
v -3.344897 -1.587226 0.868212
v -2.097892 -2.614046 0.794903
v -3.271624 -2.100797 0.354834
v -3.124941 -2.467342 0.428215
v -2.538348 -2.687613 0.354834
v -3.051395 -1.587226 0.281526
v -2.831304 -1.587226 0.428215
v -2.097892 -2.393990 0.574905
v -3.491852 -1.807389 0.501524
v -3.198351 -2.393990 0.721523
v -2.244847 -2.687613 0.868212
v -2.244847 -2.393990 0.941593
v -2.831304 -2.393990 1.014902
v -2.097892 -2.540694 0.501524
v -2.831304 -2.687613 0.428215
v -3.491852 -1.587226 0.721523
v -2.978122 -2.540694 0.941593
v -3.418442 -1.734038 0.354834
v -3.271624 -2.173934 0.794903
v -3.344897 -1.660686 0.281526
v -2.758440 -2.614046 1.014902
v -2.978122 -2.614046 0.428215
v -2.684894 -2.614046 0.281526
v -2.318120 -2.687613 0.354834
v -2.244847 -2.540694 0.281526
v -2.097892 -2.540694 0.794903
v -2.171301 -2.393990 0.428215
v -2.391393 -2.687613 0.941593
v -3.491852 -1.807389 0.574905
v -2.831304 -2.687613 0.794903
v -2.171301 -2.687613 0.721523
v -2.097892 -2.393990 0.648214
v -3.198351 -2.247286 0.354834
v -2.097892 -2.614046 0.574905
v -3.198351 -2.393990 0.574905
v -2.171301 -2.393990 0.868212
v -2.318120 -2.467342 1.014902
v -2.904850 -2.614046 0.354834
v -2.097892 -2.467342 0.501524
v -3.271624 -1.954093 0.868212
v -2.904850 -2.687613 0.501524
v -3.491852 -1.660686 0.428215
v -2.171301 -2.614046 0.428215
v -3.418442 -1.880741 0.428215
v -3.051395 -2.467342 0.354834
v -2.758440 -2.687613 0.868212
v -3.418442 -1.734038 0.794903
v -3.124941 -2.467342 0.794903
v -3.198351 -2.320638 0.794903
v -3.418442 -1.587226 0.354834
v -3.418442 -1.587226 0.794903
s off
f 455 486 490
f 422 423 426
f 422 426 430
f 425 428 430
f 426 423 434
f 425 430 436
f 420 433 437
f 432 424 439
f 423 422 440
f 427 432 440
f 439 423 440
f 433 420 444
f 430 426 445
f 426 436 445
f 436 430 445
f 426 434 446
f 436 426 446
f 419 446 447
f 446 434 447
f 435 422 448
f 443 431 448
f 437 433 450
f 441 424 450
f 423 439 451
f 432 439 452
f 440 432 452
f 439 440 452
f 447 441 453
f 444 420 454
f 422 435 455
f 440 422 455
f 432 427 456
f 435 449 458
f 438 456 458
f 430 428 459
f 428 442 459
f 457 430 459
f 442 457 459
f 424 432 460
f 437 424 460
f 432 456 460
f 428 425 462
f 425 444 462
f 444 454 462
f 444 425 463
f 433 444 463
f 425 436 464
f 436 453 464
f 463 425 464
f 433 463 464
f 424 441 465
f 441 447 465
f 446 419 466
f 436 446 466
f 424 437 467
f 450 424 467
f 437 450 467
f 435 448 468
f 449 435 468
f 448 449 468
f 421 420 469
f 420 437 469
f 433 441 470
f 450 433 470
f 441 450 470
f 434 429 471
f 447 434 471
f 429 465 471
f 465 447 471
f 442 428 472
f 448 442 472
f 443 448 472
f 441 433 473
f 433 453 473
f 453 441 473
f 431 443 474
f 448 431 474
f 420 449 474
f 449 448 474
f 434 423 475
f 429 434 475
f 423 451 475
f 465 429 475
f 465 475 476
f 439 424 476
f 451 439 476
f 424 465 476
f 475 451 476
f 443 428 477
f 461 443 477
f 428 462 477
f 462 454 477
f 419 447 478
f 453 436 478
f 447 453 478
f 466 419 478
f 436 466 478
f 456 427 479
f 458 456 479
f 454 420 480
f 443 461 480
f 474 443 480
f 420 474 480
f 461 477 480
f 477 454 480
f 448 422 481
f 422 457 481
f 457 448 481
f 453 433 482
f 433 464 482
f 464 453 482
f 442 448 483
f 457 442 483
f 448 457 483
f 428 443 484
f 472 428 484
f 443 472 484
f 438 421 485
f 456 438 485
f 437 460 485
f 460 456 485
f 421 469 485
f 469 437 485
f 427 440 486
f 455 435 486
f 435 458 486
f 479 427 486
f 458 479 486
f 420 421 487
f 421 438 487
f 449 420 487
f 438 458 488
f 458 449 488
f 487 438 488
f 449 487 488
f 422 430 489
f 457 422 489
f 430 457 489
f 440 455 490
f 486 440 490
o Shape_IndexedFaceSet.004_Shape_IndexedFaceSet.012
v 4.431711 1.567813 -0.305462
v 4.505092 3.401612 -0.305462
v 5.091857 3.254765 -0.672237
v 5.165331 3.034673 0.721465
v 4.431711 2.594489 1.015045
v 5.238618 1.861329 0.281296
v 4.431711 2.301512 -1.039212
v 5.385473 2.154844 -0.158672
v 4.431711 3.401612 0.354691
v 4.505092 2.007997 0.868255
v 5.091857 1.934752 -0.525648
v 5.018570 1.567813 0.134506
v 4.431711 3.034673 -0.892422
v 5.091857 3.254765 0.648070
v 4.431711 1.567813 0.281296
v 5.165331 3.108097 -0.672237
v 5.091857 1.861329 0.501481
v 4.431711 3.034673 0.868255
v 4.651853 2.301512 0.941650
v 5.385473 2.374936 0.061111
v 5.091857 1.641237 -0.158672
v 4.505092 1.861329 -0.745632
v 4.505092 2.301512 -1.039212
v 5.238618 2.007997 0.428086
v 5.165331 3.108097 0.721465
v 4.431711 3.328188 -0.525648
v 5.091857 3.034673 -0.745632
v 4.431711 1.861329 0.721465
v 5.385473 2.228089 0.134506
v 4.505092 2.521245 -1.039212
v 5.238618 1.861329 -0.305462
v 4.431711 3.254765 0.648070
v 4.798615 1.641237 0.354691
v 4.872088 1.787905 -0.525648
v 5.238618 2.007997 -0.378857
v 4.505092 2.301512 1.015045
v 5.018570 1.567813 -0.085277
v 5.091857 2.961429 -0.745632
v 5.312093 1.934752 -0.012083
v 4.505092 2.888005 0.941650
v 4.578566 2.081421 -0.892422
v 5.385473 2.374936 -0.158672
v 4.505092 2.594489 1.015045
v 4.431711 1.934752 -0.819027
v 4.505092 2.814581 -0.965817
v 4.578566 2.154844 0.941650
v 4.431711 2.301512 1.015045
v 4.505092 3.401612 0.354691
v 4.431711 3.181520 -0.745632
v 5.165331 1.714661 0.134506
v 4.872088 1.641237 -0.305462
v 5.018570 1.787905 -0.452253
v 5.091857 1.787905 0.428086
v 4.505092 1.861329 0.721465
v 4.505092 1.641237 0.428086
v 4.505092 1.567813 -0.305462
v 4.431711 3.401612 -0.305462
v 5.165331 1.714661 -0.158672
v 5.165331 3.034673 -0.672237
v 4.431711 2.521245 -1.039212
v 5.018570 1.861329 -0.525648
v 4.505092 1.934752 -0.819027
v 4.578566 1.567813 0.281296
v 4.505092 3.034673 -0.892422
v 5.312093 1.934752 -0.158672
v 4.505092 3.034673 0.868255
v 5.385473 2.154844 0.061111
v 4.798615 1.714661 -0.452253
v 5.165331 1.934752 -0.452253
v 5.312093 2.007997 0.207901
v 4.431711 2.007997 0.868255
v 4.725327 1.861329 0.648070
v 5.385473 2.301512 0.134506
v 4.872088 1.714661 0.428086
v 4.651853 2.081421 0.868255
v 4.505092 2.154844 -0.965817
v 5.018570 1.641237 -0.232067
v 4.431711 2.888005 0.941650
v 4.431711 1.861329 -0.745632
v 4.431711 1.641237 0.428086
v 4.651853 2.154844 -0.892422
v 4.872088 1.567813 -0.158672
v 4.505092 3.328188 -0.525648
v 4.431711 2.814581 -0.965817
v 4.431711 2.154844 -0.965817
v 5.091857 1.787905 -0.378857
v 5.018570 3.254765 -0.672237
v 4.505092 3.181520 0.721465
v 4.505092 3.328188 0.501481
v 5.165331 1.787905 0.281296
s off
f 543 502 580
f 491 495 497
f 497 495 499
f 497 499 503
f 493 492 504
f 495 491 505
f 491 502 505
f 493 504 506
f 499 495 508
f 494 509 514
f 509 507 514
f 506 504 515
f 510 506 515
f 503 499 516
f 493 506 517
f 495 505 518
f 498 510 519
f 494 514 519
f 515 494 519
f 513 497 520
f 517 513 520
f 499 508 522
f 498 521 525
f 509 494 526
f 494 515 526
f 502 491 527
f 501 513 528
f 517 506 528
f 513 517 528
f 498 506 532
f 510 498 532
f 506 510 532
f 495 526 533
f 526 515 533
f 530 495 533
f 515 530 533
f 491 497 534
f 493 517 535
f 517 520 535
f 507 509 536
f 526 500 536
f 509 526 536
f 495 518 537
f 500 526 537
f 526 495 537
f 492 499 538
f 504 492 538
f 503 516 539
f 502 527 540
f 529 496 540
f 541 524 542
f 496 514 543
f 514 507 543
f 523 502 543
f 500 518 544
f 523 544 545
f 544 518 545
f 491 512 546
f 527 491 546
f 499 492 547
f 492 516 547
f 516 499 547
f 511 521 548
f 527 511 548
f 540 527 548
f 529 540 548
f 506 498 549
f 498 525 549
f 528 506 549
f 497 503 550
f 520 497 550
f 535 520 550
f 531 501 551
f 542 524 551
f 524 512 552
f 512 534 552
f 551 524 552
f 531 551 552
f 505 502 553
f 502 523 553
f 545 505 553
f 523 545 553
f 493 535 554
f 535 503 554
f 539 493 554
f 503 539 554
f 521 498 555
f 498 529 555
f 548 521 555
f 529 548 555
f 515 504 556
f 508 530 556
f 530 515 556
f 498 519 557
f 529 498 557
f 512 524 558
f 524 541 558
f 546 512 558
f 541 546 558
f 525 521 559
f 501 528 559
f 521 542 559
f 549 525 559
f 528 549 559
f 551 501 559
f 542 551 559
f 514 496 560
f 519 514 560
f 496 529 560
f 557 519 560
f 529 557 560
f 518 500 561
f 537 518 561
f 500 537 561
f 507 500 562
f 543 507 562
f 500 544 562
f 510 515 563
f 519 510 563
f 515 519 563
f 523 543 564
f 544 523 564
f 543 562 564
f 562 544 564
f 500 507 565
f 536 500 565
f 507 536 565
f 497 513 566
f 513 531 566
f 531 552 566
f 552 534 566
f 511 527 567
f 541 542 567
f 542 511 567
f 508 495 568
f 495 530 568
f 530 508 568
f 512 491 569
f 491 534 569
f 534 512 569
f 518 505 570
f 505 545 570
f 545 518 570
f 513 501 571
f 501 531 571
f 531 513 571
f 527 546 572
f 546 541 572
f 567 527 572
f 541 567 572
f 492 493 573
f 493 516 573
f 516 492 573
f 503 535 574
f 550 503 574
f 535 550 574
f 534 497 575
f 497 566 575
f 566 534 575
f 521 511 576
f 542 521 576
f 511 542 576
f 516 493 577
f 493 539 577
f 539 516 577
f 504 522 578
f 522 508 578
f 556 504 578
f 508 556 578
f 499 522 579
f 522 504 579
f 538 499 579
f 504 538 579
f 540 496 580
f 502 540 580
f 496 543 580
o Shape_IndexedFaceSet.003_Shape_IndexedFaceSet.011
v 3.551430 2.374211 -1.112406
v 3.918032 2.301024 1.161778
v 3.037751 1.788013 1.014930
v 3.111290 0.320758 -0.085392
v 4.431575 1.641287 -0.452166
v 4.284770 3.915004 1.014930
v 3.037751 3.107838 -0.525475
v 4.284770 3.915004 -1.039097
v 4.431575 2.081464 0.941621
v 3.037751 0.981199 -0.818940
v 3.037751 3.034652 0.648156
v 4.431575 2.227486 -1.039097
v 3.037751 0.907660 0.794774
v 4.138103 3.915004 1.088239
v 4.431575 3.474828 0.648156
v 3.037751 2.520936 -0.965788
v 4.431575 1.568101 0.281382
v 4.138103 3.915004 -1.112406
v 3.111290 3.254564 0.207843
v 3.111290 0.614209 0.574847
v 3.771228 3.328103 1.161778
v 3.111290 0.541022 -0.452166
v 4.431575 3.474828 -0.599014
v 3.918032 3.548015 -1.185944
v 4.064700 2.081464 -1.112406
v 4.211368 3.841466 1.161778
v 3.037751 1.347836 -0.965788
v 3.037751 2.594475 0.941621
v 4.284770 2.227486 1.088239
v 4.211368 3.621553 -1.185944
v 4.358172 1.934738 -0.892479
v 3.037751 0.320758 0.061226
v 4.431575 2.814388 1.014930
v 3.037751 2.961113 -0.745632
v 3.111290 0.834473 -0.745632
v 4.431575 1.714826 0.574847
v 3.111290 0.320758 0.061226
v 3.111290 1.274650 0.941621
v 4.431575 1.568101 -0.305549
v 4.358172 3.768279 -0.892479
v 3.037751 3.181377 -0.305549
v 4.138103 1.934738 1.014930
v 3.844630 3.107838 -1.185944
v 4.431575 2.667662 -1.039097
v 3.991298 3.694740 1.161778
v 3.037751 3.181377 0.354691
v 4.358172 3.768279 0.868313
v 4.358172 2.374211 1.088239
v 4.431575 1.788013 -0.672323
v 3.037751 2.887926 0.794774
v 3.037751 2.154299 1.014930
v 4.138103 2.081464 1.088239
v 3.111290 0.907660 0.794774
v 4.284770 1.934738 0.941621
v 3.771228 2.081464 -1.112406
v 3.331360 3.401289 -0.158701
v 4.064700 2.374211 1.161778
v 3.111290 0.467484 0.354691
v 3.037751 0.541022 -0.452166
v 3.037751 2.741201 -0.892479
v 4.211368 2.227486 -1.112406
v 4.064700 1.934738 -1.039097
v 4.064700 3.107838 -1.185944
v 3.991298 3.768279 -1.112406
v 3.844630 2.374211 1.161778
v 4.211368 3.768279 -1.185944
v 3.111290 3.254564 -0.232010
v 4.284770 3.841466 1.088239
v 3.111290 0.394297 -0.232010
v 3.037751 0.614209 0.574847
v 3.111290 0.981199 -0.818940
v 3.037751 1.274650 0.941621
v 3.844630 3.401289 -1.185944
v 4.431575 2.081464 -0.965788
v 3.037751 3.034652 -0.672323
v 4.284770 2.447750 -1.112406
v 4.358172 1.494562 -0.158701
v 3.111290 1.347836 -0.965788
v 4.431575 2.227486 1.014930
v 3.844630 3.474828 1.161778
v 4.431575 3.034652 -0.892479
v 3.771228 3.034652 1.161778
v 3.037751 0.320758 -0.085392
v 3.991298 3.768279 1.088239
v 3.991298 2.301024 1.161778
v 4.211368 3.621553 1.161778
v 3.624833 2.227486 -1.112406
v 4.358172 1.494562 0.207843
v 3.037751 0.834473 -0.745632
v 4.358172 1.861552 -0.818940
s off
f 611 629 670
f 583 587 590
f 587 583 591
f 589 585 592
f 583 590 593
f 586 588 594
f 589 592 595
f 590 587 596
f 585 589 597
f 594 588 598
f 595 592 603
f 586 594 606
f 601 582 606
f 596 581 607
f 590 596 607
f 591 583 608
f 593 590 612
f 589 595 613
f 596 587 614
f 611 602 615
f 597 589 616
f 612 584 617
f 597 616 617
f 584 585 619
f 585 597 619
f 588 586 620
f 595 603 620
f 587 591 621
f 598 587 621
f 604 610 623
f 603 592 624
f 592 610 624
f 588 620 624
f 606 594 625
f 601 606 625
f 594 599 626
f 621 591 626
f 599 621 626
f 613 595 627
f 620 586 627
f 595 620 627
f 613 606 628
f 592 585 629
f 585 602 629
f 591 608 630
f 625 591 630
f 583 601 631
f 608 583 631
f 601 608 631
f 622 609 632
f 622 632 633
f 593 600 633
f 618 593 633
f 632 618 633
f 616 589 634
f 600 616 634
f 622 633 634
f 633 600 634
f 605 607 635
f 623 605 635
f 594 598 636
f 599 594 636
f 606 582 637
f 609 628 637
f 616 600 638
f 617 616 638
f 612 617 638
f 612 590 639
f 615 602 639
f 604 596 640
f 596 614 640
f 592 605 641
f 605 592 642
f 615 605 642
f 605 623 643
f 623 610 643
f 641 605 643
f 598 604 644
f 604 640 644
f 640 614 644
f 583 582 645
f 582 601 645
f 598 588 646
f 604 598 646
f 610 604 646
f 588 624 646
f 624 610 646
f 598 621 647
f 621 599 647
f 636 598 647
f 599 636 647
f 586 606 648
f 606 613 648
f 627 586 648
f 613 627 648
f 585 584 649
f 602 585 649
f 639 602 649
f 600 593 650
f 593 612 650
f 638 600 650
f 612 638 650
f 590 607 651
f 615 590 651
f 605 615 651
f 582 583 652
f 583 593 652
f 618 582 652
f 593 618 652
f 581 596 653
f 596 604 653
f 623 581 653
f 604 623 653
f 611 615 654
f 592 629 654
f 629 611 654
f 642 592 654
f 615 642 654
f 587 598 655
f 614 587 655
f 598 644 655
f 644 614 655
f 610 592 656
f 592 641 656
f 643 610 656
f 641 643 656
f 617 584 657
f 584 619 657
f 619 597 657
f 607 605 658
f 651 607 658
f 605 651 658
f 589 613 659
f 609 622 659
f 628 609 659
f 613 628 659
f 634 589 659
f 622 634 659
f 608 601 660
f 601 625 660
f 630 608 660
f 625 630 660
f 620 603 661
f 603 624 661
f 624 620 661
f 601 583 662
f 583 645 662
f 645 601 662
f 584 612 663
f 612 639 663
f 649 584 663
f 639 649 663
f 591 625 664
f 625 594 664
f 626 591 664
f 594 626 664
f 582 618 665
f 632 609 665
f 618 632 665
f 637 582 665
f 609 637 665
f 628 606 666
f 606 637 666
f 637 628 666
f 607 581 667
f 581 623 667
f 635 607 667
f 623 635 667
f 597 617 668
f 617 657 668
f 657 597 668
f 590 615 669
f 639 590 669
f 615 639 669
f 602 611 670
f 629 602 670
o Shape_IndexedFaceSet.002_Shape_IndexedFaceSet.010
v 3.037751 3.034867 -0.598698
v 1.277167 -0.486250 1.381604
v 1.277167 -0.780089 1.308209
v 0.763618 1.787575 -1.258980
v 1.790717 -0.780089 -1.185585
v 0.763618 2.301031 1.088024
v 3.037751 1.200658 0.941234
v 3.037751 0.174126 -0.085205
v 0.763618 -0.339331 -0.672093
v 3.037751 2.741409 0.868111
v 0.763618 2.741409 -0.525303
v 2.964069 1.494116 -1.038795
v 1.936969 1.347197 1.381604
v 1.864177 -0.780089 1.088024
v 0.763618 -0.119332 1.088024
v 1.130471 -0.265871 -1.405771
v 2.964069 3.108326 0.428014
v 1.717480 1.420657 -1.405771
v 0.983774 -0.780089 -1.112190
v 0.763618 2.741409 0.501136
v 2.450519 0.247585 -1.185585
v 2.523978 0.321045 1.161419
v 0.763618 1.494116 1.308209
v 1.203930 2.447950 -1.038795
v 3.037751 2.447950 -0.965400
v 0.910537 -0.706629 1.014629
v 2.890609 0.394505 0.868111
v 2.964069 0.541044 -0.818883
v 1.936969 0.614503 -1.405771
v 3.037751 2.154492 1.014629
v 0.763618 -0.119332 -1.112190
v 1.350627 2.667949 0.868111
v 1.936969 0.174126 1.381604
v 1.717480 1.787575 1.308209
v 1.864177 -0.780089 -1.112190
v 2.890609 3.108326 -0.231996
v 1.057234 -0.265871 1.381604
v 1.497324 -0.413171 -1.405771
v 0.763618 2.594489 -0.818883
v 1.790717 2.154492 -1.185585
v 3.037751 1.200658 -0.965400
v 2.743912 0.174126 -0.892278
v 1.717480 -0.780089 1.234814
v 1.423864 1.494116 1.381604
v 1.057234 2.227571 1.161419
v 3.037751 2.667949 -0.892278
v 2.890609 0.027587 0.061039
v 1.350627 1.274118 -1.405771
v 1.936969 1.127960 -1.405771
v 1.057234 -0.780089 1.234814
v 1.277167 -0.706629 -1.332376
v 0.763618 -0.413171 0.354619
v 0.763618 0.614503 -1.258980
v 0.763618 2.081033 -1.185585
v 2.450519 0.907961 1.234814
v 3.037751 0.174126 0.061039
v 3.037751 3.034867 0.574531
v 0.910537 -0.706629 -1.038795
v 2.964069 3.108326 -0.452181
v 1.057234 2.667949 -0.818883
v 3.037751 0.687963 0.794716
v 0.837077 -0.119332 1.234814
v 1.864177 -0.265871 -1.332376
v 0.837077 2.594489 0.868111
v 0.910537 1.494116 -1.332376
v 1.790717 2.227571 1.161419
v 3.037751 1.567576 1.014629
v 1.717480 -0.265871 1.381604
v 2.377282 0.614503 -1.258980
v 1.057234 -0.486250 -1.332376
v 2.743912 0.174126 0.868111
v 0.983774 1.934113 -1.258980
v 1.130471 2.374491 1.088024
v 0.763618 0.834502 1.308209
v 0.763618 1.934113 1.234814
v 2.010428 1.127960 1.381604
v 3.037751 2.521029 0.941234
v 2.964069 2.887947 -0.745488
v 2.964069 1.861034 -1.038795
v 2.670675 0.541044 -1.112190
v 0.910537 2.301031 -1.112190
v 2.303822 -0.045873 -1.185585
v 2.083666 0.174126 -1.332376
v 3.037751 0.761042 -0.818883
v 1.644021 -0.780089 -1.258980
v 1.057234 0.321045 1.381604
v 2.010428 -0.119332 1.308209
v 2.890609 3.108326 0.281224
v 1.790717 1.934113 -1.258980
v 0.837077 -0.265871 -1.185585
s off
f 723 740 760
f 671 677 678
f 676 674 679
f 677 671 680
f 674 676 681
f 673 675 684
f 676 679 685
f 675 673 689
f 681 676 690
f 676 685 693
f 671 678 695
f 677 692 697
f 686 688 699
f 677 680 700
f 679 674 701
f 683 672 703
f 684 675 705
f 681 690 706
f 673 672 707
f 672 683 707
f 686 699 708
f 674 681 709
f 695 678 711
f 682 695 711
f 698 678 712
f 678 705 712
f 673 684 713
f 697 692 713
f 683 704 714
f 707 683 714
f 714 704 715
f 671 695 716
f 710 694 716
f 684 705 717
f 705 678 717
f 688 686 718
f 688 695 719
f 699 688 719
f 689 673 720
f 696 689 720
f 673 707 720
f 686 708 721
f 685 679 722
f 696 685 722
f 701 674 723
f 674 709 724
f 703 692 725
f 678 677 726
f 717 678 726
f 684 717 726
f 680 671 727
f 671 687 727
f 702 680 727
f 687 702 727
f 689 696 728
f 679 701 728
f 722 679 728
f 696 722 728
f 687 671 729
f 681 706 729
f 706 687 729
f 709 681 730
f 729 671 730
f 681 729 730
f 677 697 731
f 726 677 731
f 697 726 731
f 685 696 732
f 696 720 732
f 720 707 732
f 690 676 734
f 687 690 734
f 702 687 734
f 718 686 735
f 723 674 735
f 686 723 735
f 715 704 736
f 692 677 737
f 677 700 737
f 700 725 737
f 725 692 737
f 672 673 738
f 703 672 738
f 673 713 738
f 699 719 739
f 721 689 740
f 686 721 740
f 723 686 740
f 713 684 741
f 697 713 741
f 726 697 741
f 684 726 741
f 688 718 742
f 674 724 742
f 735 674 742
f 718 735 742
f 680 702 743
f 676 715 743
f 734 676 743
f 702 734 743
f 736 680 743
f 715 736 743
f 693 685 744
f 707 693 744
f 685 732 744
f 732 707 744
f 676 693 745
f 693 714 745
f 715 676 745
f 714 715 745
f 700 683 746
f 683 703 746
f 725 700 746
f 703 725 746
f 700 680 747
f 683 700 747
f 704 683 747
f 680 736 747
f 736 704 747
f 671 716 748
f 716 694 748
f 730 671 748
f 694 730 748
f 695 682 749
f 719 695 749
f 682 739 749
f 739 719 749
f 682 711 750
f 712 691 750
f 698 712 750
f 739 682 750
f 691 739 750
f 694 710 751
f 724 709 751
f 730 694 751
f 709 730 751
f 710 742 751
f 742 724 751
f 705 675 752
f 691 712 752
f 712 705 752
f 675 733 752
f 733 691 752
f 708 699 753
f 691 733 753
f 733 708 753
f 739 691 753
f 699 739 753
f 678 698 754
f 711 678 754
f 750 711 754
f 698 750 754
f 675 689 755
f 689 721 755
f 721 708 755
f 733 675 755
f 708 733 755
f 693 707 756
f 714 693 756
f 707 714 756
f 692 703 757
f 713 692 757
f 703 738 757
f 738 713 757
f 690 687 758
f 687 706 758
f 706 690 758
f 695 688 759
f 716 695 759
f 710 716 759
f 688 742 759
f 742 710 759
f 701 723 760
f 689 728 760
f 728 701 760
f 740 689 760
o Shape_IndexedFaceSet.001_Shape_IndexedFaceSet.009
v -0.337021 2.961192 -0.305376
v -3.491514 -0.486623 0.794831
v -3.491514 -0.486623 -0.818998
v 0.763395 -0.486623 0.060881
v -2.978115 2.374491 1.088412
v 0.763395 1.567519 1.308453
v 0.763395 1.347248 -1.332620
v -3.638268 2.374491 -0.818998
v -2.024454 -0.046081 1.381705
v -4.152149 2.520994 0.281210
v -2.317962 -0.486623 -1.259081
v 0.763395 2.741265 0.500964
v -2.611470 1.860869 -1.332620
v 0.763395 -0.119504 -0.965501
v 0.763395 -0.046081 1.014586
v 0.763395 2.447915 -0.965501
v -2.097590 3.034960 0.134420
v -3.051252 1.420671 1.308453
v -3.931777 1.054587 -0.892249
v -2.757743 2.667841 -0.892249
v -2.830880 -0.486623 1.234914
v -2.391098 0.540620 -1.479410
v -4.004913 0.980818 0.721580
v -2.317962 1.201089 1.455243
v 0.763395 2.374491 1.014586
v -2.830880 2.667841 0.868083
v 0.322651 0.614044 -1.332620
v -3.564651 1.567519 1.161663
v -4.152149 2.520994 -0.232125
v 0.689777 0.760891 1.308453
v -3.491514 0.833971 -1.185830
v -2.464716 2.374491 1.161663
v -0.924038 2.961192 0.428000
v -2.024454 -0.486623 1.234914
v -3.931777 0.614044 -0.672208
v -3.198006 -0.486623 -1.112578
v -3.418378 0.247270 1.161663
v -2.537853 0.393773 1.455243
v -3.564651 1.860869 -1.112578
v -2.684607 2.447915 -1.112578
v 0.763395 2.227643 -1.112291
v 0.322651 -0.413200 -0.672208
v -2.684607 2.888113 -0.452166
v -4.152149 1.640943 -0.158586
v 0.396269 -0.413200 0.648041
v 0.763395 2.741265 -0.525131
v -0.337021 3.034960 -0.085047
v -2.317962 1.054587 -1.479410
v -3.198006 2.814689 0.428000
v -1.584672 2.961192 -0.452166
v 0.102760 0.907394 1.381417
v -2.684607 1.933948 1.308453
v -1.877699 0.467196 -1.479410
v -3.638268 1.860869 1.088412
v -4.152149 2.301067 -0.452166
v -3.271624 2.667841 0.794831
v 0.763395 0.320693 -1.185542
v 0.763395 0.247270 1.161376
v 0.763395 1.787446 -1.259081
v -3.198006 2.814689 -0.378915
v -3.931777 1.713677 0.868083
v 0.763395 2.080796 1.161376
v -3.344760 2.594073 -0.818998
v -3.858159 0.907394 0.941621
v 0.763395 2.594073 0.794831
v 0.763395 2.594073 -0.818998
v -3.931777 0.614044 0.648041
v -1.804563 0.393773 1.455243
v -2.684607 0.247270 -1.405871
v -2.097590 2.961192 0.428000
v 0.763395 -0.266352 0.794831
v -2.757743 0.980818 -1.405871
v -4.152149 2.594073 0.061168
v -4.152149 1.860869 0.428000
v -1.950836 3.034960 -0.232125
v -2.684607 2.961192 -0.085335
v -1.877699 1.201089 1.455243
v 0.543023 -0.486623 -0.305376
v 0.396269 0.540620 1.308453
v -3.418378 -0.486623 0.941621
v -3.785023 0.614044 -0.965788
v -1.950836 -0.192928 -1.332620
v -2.244344 1.933948 1.308453
v -2.317962 2.301067 -1.185830
v -3.858159 1.493750 -0.965788
v -0.777284 3.034960 0.207671
v -3.564651 2.374491 0.868083
v 0.396269 2.888113 0.134420
v -4.004913 0.907394 -0.672208
v 0.763395 -0.339776 -0.672208
s off
f 838 802 850
f 762 763 764
f 766 764 767
f 764 763 771
f 766 767 772
f 767 764 774
f 764 766 775
f 772 767 776
f 762 764 781
f 766 772 785
f 786 765 792
f 781 764 794
f 769 781 794
f 763 762 795
f 771 763 796
f 788 797 798
f 781 769 798
f 784 778 798
f 778 788 798
f 797 781 798
f 773 799 800
f 776 767 801
f 800 776 801
f 770 789 804
f 794 764 805
f 772 776 806
f 806 761 807
f 780 803 810
f 807 761 810
f 790 766 811
f 778 784 812
f 788 778 812
f 792 765 812
f 771 782 813
f 767 787 813
f 808 767 813
f 782 808 813
f 812 765 814
f 788 812 814
f 789 768 815
f 768 799 815
f 804 789 815
f 765 786 816
f 767 774 817
f 774 771 817
f 787 767 817
f 775 766 818
f 766 790 818
f 794 775 818
f 801 767 819
f 767 808 819
f 808 773 819
f 814 770 821
f 788 814 821
f 766 785 822
f 785 792 822
f 768 789 823
f 799 768 823
f 780 800 823
f 800 799 823
f 803 780 823
f 789 820 823
f 820 803 823
f 797 788 824
f 821 783 824
f 788 821 824
f 785 772 825
f 792 785 825
f 786 792 825
f 772 793 825
f 793 786 825
f 776 800 826
f 800 780 826
f 761 806 826
f 806 776 826
f 780 810 826
f 810 761 826
f 795 762 827
f 783 804 827
f 824 783 827
f 798 769 828
f 784 798 828
f 782 771 829
f 771 796 829
f 796 791 829
f 786 793 830
f 777 809 830
f 816 786 830
f 809 816 830
f 764 775 831
f 775 794 831
f 805 764 831
f 794 805 831
f 799 773 832
f 791 799 832
f 773 808 832
f 808 782 832
f 782 829 832
f 829 791 832
f 789 770 833
f 770 816 833
f 816 809 833
f 820 789 833
f 770 804 834
f 804 783 834
f 821 770 834
f 783 821 834
f 777 807 835
f 810 803 835
f 807 810 835
f 809 777 836
f 803 820 836
f 833 809 836
f 820 833 836
f 777 835 836
f 835 803 836
f 811 766 837
f 812 784 837
f 784 828 837
f 828 811 837
f 764 771 838
f 771 802 838
f 769 794 839
f 790 811 839
f 818 790 839
f 794 818 839
f 828 769 839
f 811 828 839
f 762 781 840
f 781 797 840
f 797 824 840
f 827 762 840
f 824 827 840
f 779 791 841
f 763 795 841
f 795 779 841
f 796 763 841
f 791 796 841
f 771 813 842
f 813 787 842
f 817 771 842
f 787 817 842
f 792 812 843
f 766 822 843
f 822 792 843
f 837 766 843
f 812 837 843
f 773 800 844
f 800 801 844
f 801 819 844
f 819 773 844
f 791 779 845
f 799 791 845
f 815 799 845
f 779 815 845
f 793 772 846
f 807 777 846
f 777 830 846
f 830 793 846
f 814 765 847
f 770 814 847
f 765 816 847
f 816 770 847
f 772 806 848
f 806 807 848
f 846 772 848
f 807 846 848
f 779 795 849
f 815 779 849
f 804 815 849
f 795 827 849
f 827 804 849
f 774 764 850
f 771 774 850
f 802 771 850
f 764 838 850
o Shape_IndexedFaceSet_Shape_IndexedFaceSet.008
v -9.580833 1.934523 0.281353
v -4.152149 2.227787 -0.452281
v -4.152149 1.934523 -0.452281
v -4.152149 2.301297 0.428115
v -4.152149 1.714424 0.281353
v -9.286751 1.714424 -0.232182
v -9.361079 2.227787 -0.158758
v -4.299191 2.521396 0.208016
v -8.994284 1.714424 0.281353
v -4.152149 1.641000 -0.085421
v -4.152149 2.521396 -0.232182
v -9.361079 2.154449 0.281353
v -9.507582 2.081198 -0.305520
v -4.886279 1.934523 0.428115
v -8.553698 1.641000 0.134592
v -9.213499 2.007946 0.354691
v -8.113650 1.861099 -0.378857
v -6.427252 1.714424 -0.305520
v -8.333943 1.641000 -0.158758
v -9.361079 2.227787 0.134592
v -9.140786 2.154449 -0.305520
v -4.665986 2.521396 -0.012083
v -9.507582 1.714424 0.134592
v -8.406656 1.787848 0.354691
v -7.012724 1.641000 0.208016
v -4.299191 2.374548 -0.378857
v -9.654623 1.861099 -0.158758
v -9.654623 2.081198 -0.012083
v -4.152149 1.787848 0.354691
v -4.152149 1.714424 -0.232182
v -4.445693 2.301297 0.428115
v -8.113650 1.714424 -0.305520
v -9.507582 1.861099 -0.305520
v -4.152149 1.641000 0.061254
v -9.213499 1.861099 0.354691
v -8.920493 1.641000 -0.012083
v -4.152149 1.934523 0.428115
v -5.546619 1.641000 -0.158758
v -8.113650 1.934523 -0.378857
v -4.152149 2.521396 0.208016
v -9.066996 2.227787 0.208016
v -8.846703 2.081198 0.354691
v -9.507582 1.787848 0.281353
v -9.507582 1.714424 -0.085421
v -4.520022 1.934523 -0.452281
v -4.225939 2.521396 -0.232182
v -9.433792 2.227787 -0.085421
v -4.520022 2.447886 0.281353
v -9.507582 2.154449 0.208016
v -9.286751 1.787848 -0.305520
v -9.654623 1.861099 0.061254
v -4.665986 2.521396 0.061254
v -9.580833 2.154449 -0.158758
v -4.225939 2.227787 -0.452281
v -5.033320 1.641000 0.134592
v -4.592735 2.521396 -0.085421
v -9.580833 2.007946 0.281353
v -4.372981 2.447886 -0.305520
v -9.654623 2.007946 -0.158758
v -8.920493 1.641000 0.061254
v -9.580833 2.154449 0.061254
v -9.654623 2.007946 0.134592
v -4.812489 2.081198 0.428115
v -8.846703 1.641000 -0.085421
v -9.361079 1.714424 0.208016
v -7.453310 1.641000 0.208016
v -9.580833 1.787848 0.208016
v -9.507582 1.787848 -0.232182
v -9.433792 2.227787 -0.012083
v -4.520022 2.007946 -0.452281
v -4.152149 2.374548 -0.378857
v -9.507582 2.154449 -0.232182
v -9.654623 1.934523 0.134592
v -4.372981 2.154449 -0.452281
v -9.433792 1.714424 -0.158758
v -9.507582 2.081198 0.281353
v -9.580833 2.081198 0.208016
v -4.886279 2.007946 0.428115
v -4.592735 2.227787 0.428115
v -9.654623 2.081198 -0.085421
v -9.580833 2.081198 -0.232182
v -9.580833 1.787848 -0.158758
s off
f 918 894 932
f 853 852 854
f 853 854 855
f 853 855 860
f 854 852 861
f 860 865 869
f 858 861 872
f 859 855 874
f 855 859 875
f 865 860 875
f 855 854 879
f 874 855 879
f 864 874 879
f 853 860 880
f 868 853 880
f 854 858 881
f 864 854 881
f 853 868 882
f 869 856 882
f 868 869 882
f 863 867 883
f 877 863 883
f 860 855 884
f 875 860 884
f 866 851 885
f 864 866 885
f 859 874 885
f 874 864 885
f 869 865 886
f 854 864 887
f 879 854 887
f 864 879 887
f 860 869 888
f 869 868 888
f 880 860 888
f 868 880 888
f 867 863 889
f 863 871 889
f 858 854 890
f 854 861 890
f 861 858 890
f 862 858 891
f 858 870 891
f 870 862 891
f 862 866 892
f 881 862 892
f 866 881 892
f 885 851 893
f 859 885 893
f 873 877 894
f 886 873 894
f 852 853 895
f 853 882 895
f 882 867 895
f 867 889 895
f 871 857 896
f 872 861 896
f 861 876 896
f 872 857 897
f 858 862 898
f 881 858 898
f 862 881 898
f 862 870 899
f 867 882 900
f 882 856 900
f 883 867 900
f 856 883 900
f 877 873 901
f 878 877 901
f 870 858 902
f 858 872 902
f 872 897 902
f 897 857 903
f 876 852 904
f 871 876 904
f 889 871 904
f 852 895 904
f 855 875 905
f 884 855 905
f 875 884 905
f 857 872 906
f 896 857 906
f 872 896 906
f 851 866 907
f 876 871 908
f 871 896 908
f 896 876 908
f 863 877 909
f 877 878 909
f 865 859 910
f 886 865 910
f 873 886 910
f 899 870 911
f 903 878 911
f 897 903 911
f 878 901 912
f 851 907 912
f 864 881 913
f 856 869 914
f 869 886 914
f 859 893 915
f 893 873 915
f 910 859 915
f 873 910 915
f 859 865 916
f 875 859 916
f 865 875 916
f 873 893 917
f 893 851 917
f 901 873 917
f 883 856 918
f 877 883 918
f 870 902 919
f 902 897 919
f 911 870 919
f 897 911 919
f 895 889 920
f 904 895 920
f 861 852 921
f 852 876 921
f 876 861 921
f 857 871 922
f 871 863 922
f 903 857 922
f 851 912 923
f 912 901 923
f 917 851 923
f 901 917 923
f 889 904 924
f 920 889 924
f 904 920 924
f 886 894 925
f 856 914 925
f 914 886 925
f 918 856 925
f 894 918 925
f 866 862 926
f 862 899 926
f 907 866 926
f 899 907 926
f 907 899 927
f 899 911 927
f 911 878 927
f 878 912 927
f 912 907 927
f 866 864 928
f 864 913 928
f 913 866 928
f 881 866 929
f 866 913 929
f 913 881 929
f 878 903 930
f 909 878 930
f 909 930 931
f 863 909 931
f 922 863 931
f 903 922 931
f 930 903 931
f 894 877 932
f 877 918 932
