# Blender v2.79 (sub 0) OBJ File: ''
# www.blender.org
o Shape_IndexedFaceSet.001
v -3.558862 1.269439 1.299730
v 1.901649 1.506797 -1.551029
v 1.901649 1.269439 -1.551029
v -9.736724 1.744411 -0.362961
v 4.278436 3.882166 1.299730
v 4.040311 3.882166 -1.313416
v 5.229449 1.506797 0.349275
v -9.736724 2.219382 0.349275
v 2.141262 1.269439 1.537344
v -2.845974 1.269439 -1.551029
v -2.609337 1.744411 1.537344
v 5.229449 2.931712 -0.838188
v -9.736724 2.219382 -0.362961
v -9.498599 1.506797 0.111662
v -2.845974 2.456996 -1.313416
v 4.754687 1.982024 -1.075500
v 5.229449 3.406683 0.824503
v -3.084099 2.456996 1.299730
v 4.754687 1.982024 1.061814
v -2.371212 3.169070 0.349275
v 4.278436 1.269439 -0.362961
v 3.803674 3.882166 1.299730
v 5.467574 1.744411 -0.362961
v -2.609337 1.744411 -1.551029
s off
f 13 15 24
f 3 2 6
f 1 3 9
f 3 1 10
f 2 3 10
f 8 1 11
f 1 9 11
f 9 5 11
f 4 8 13
f 10 4 13
f 1 8 14
f 8 4 14
f 10 1 14
f 4 10 14
f 13 6 15
f 3 6 16
f 6 12 16
f 6 5 17
f 12 6 17
f 8 11 18
f 5 9 19
f 9 7 19
f 17 5 19
f 7 17 19
f 13 8 20
f 6 13 20
f 9 3 21
f 7 9 21
f 3 16 21
f 5 6 22
f 11 5 22
f 8 18 22
f 18 11 22
f 6 20 22
f 20 8 22
f 16 12 23
f 17 7 23
f 12 17 23
f 7 21 23
f 21 16 23
f 6 2 24
f 2 10 24
f 10 13 24
f 15 6 24
o Shape_IndexedFaceSet
v 2.853033 1.268928 1.299730
v -3.084308 -2.769713 1.061814
v -3.322201 -0.632190 1.299730
v -2.847183 1.268928 -1.551029
v 2.140890 -2.769713 -1.075500
v 3.566711 1.268928 -0.838188
v 2.140890 -2.769713 1.061814
v -3.084308 -2.769713 -1.075500
v -4.035112 1.268928 1.061814
v 1.665872 -0.632190 -1.551029
v 1.665872 -0.632190 1.537344
v -4.035112 0.793352 -1.075500
v -2.847183 1.268928 1.537344
v 3.804604 1.031338 0.586587
v 2.140890 1.268928 -1.551029
v -3.797219 -1.581761 0.824503
v -2.847183 0.080581 -1.551029
v -2.609290 -0.157010 1.537344
v 2.378015 -2.769713 -0.838188
v -3.797219 -1.581761 -0.838188
v 2.140890 1.268928 1.537344
s off
f 37 35 45
f 28 25 30
f 26 29 31
f 29 26 32
f 25 28 33
f 29 32 34
f 31 25 35
f 26 31 35
f 33 28 36
f 25 33 37
f 33 27 37
f 30 25 38
f 25 31 38
f 28 30 39
f 30 29 39
f 34 28 39
f 29 34 39
f 26 27 40
f 32 26 40
f 27 33 40
f 33 36 40
f 28 34 41
f 34 32 41
f 32 36 41
f 36 28 41
f 27 26 42
f 26 35 42
f 37 27 42
f 35 37 42
f 29 30 43
f 31 29 43
f 30 38 43
f 38 31 43
f 36 32 44
f 32 40 44
f 40 36 44
f 35 25 45
f 25 37 45
