# Exported from Octave code
o conv_bunny
v -1.621249 2.102195 -0.242412
v -1.694765 2.035373 -0.118067
v -1.689912 2.134533 -0.146909
v -1.616701 1.317556 -0.169764
v -1.605987 1.333496 -0.270902
v -1.632829 1.237665 -0.222790
v -0.208642 1.693784 -0.037830
v -0.233937 1.646827 0.061555
v -0.198023 1.612314 0.164741
v -1.298092 2.965122 -1.558784
v -1.281846 2.880026 -1.412717
v -1.179964 2.936363 -1.609975
v -0.327145 1.602503 0.162054
v -0.262373 1.545060 0.253116
v -1.019711 -0.230647 0.529157
v -0.925917 -0.183778 0.542869
v -1.007497 -0.171418 0.469231
v 0.365843 1.834377 -0.060137
v 0.218483 1.813893 -0.048432
v 0.328054 1.812685 0.066009
v -0.905053 2.362329 0.158141
v -0.919517 2.334946 0.257648
v -0.868552 2.343541 0.090743
v -1.555023 0.561519 -0.250764
v -1.581443 0.597131 -0.074380
v -1.612880 0.658512 -0.212513
v -1.200242 2.291640 -1.376563
v -1.219231 2.323431 -1.481357
v -1.155654 2.350594 -1.498036
v -1.674018 0.817566 -0.123820
v -1.692749 0.906309 -0.038579
v -1.687755 0.859938 -0.183762
v 1.777981 0.404715 -0.046063
v 1.752311 0.386823 0.032799
v 1.776855 0.322313 0.051275
v -0.381414 2.933773 -0.620735
v -0.518460 2.842492 -0.607776
v -0.424830 2.890795 -0.543663
v 0.197267 1.793917 0.072157
v -1.496885 0.474295 -0.295472
v -1.555093 0.573863 -0.351223
v -1.241431 2.736079 -1.044550
v -1.297670 2.750159 -1.064735
v -1.219817 2.633179 -0.836688
v -1.089429 2.554400 -0.904446
v -1.114817 2.484541 -0.730275
v -1.076113 2.440068 -0.760037
v -1.101033 2.834574 -1.584380
v -1.152044 2.803040 -1.418392
v -1.090601 2.713830 -1.386814
v -0.780244 -0.388983 -0.763836
v -0.714253 -0.430197 -0.835591
v -0.799303 -0.440810 -0.757546
v -1.185731 2.753697 -1.172861
v -1.254559 2.792006 -1.199004
v -1.134720 2.704042 -1.148489
v -1.212737 2.820038 -1.345134
v -1.218293 2.532624 -0.649800
v -1.253246 2.550328 -0.662269
v -1.165758 2.449103 -0.580892
v -1.295185 2.654119 -0.859687
v -0.281877 0.956492 -1.040028
v -0.366739 1.021464 -1.003847
v -0.251284 1.100366 -1.006399
v 0.051032 1.754829 0.060332
v -0.063462 1.688483 0.107339
v 0.027496 1.658094 0.247342
v -1.771938 1.827397 0.023185
v -1.714714 1.925199 0.065808
v -1.754192 1.852977 -0.081691
v 0.224765 1.770730 -0.490125
v 0.091658 1.782609 -0.304470
v 0.335157 1.827343 -0.311513
v -1.255543 -0.429903 -0.492497
v -1.242017 -0.357074 -0.494989
v -1.204767 -0.410415 -0.595932
v -1.742049 1.499952 0.274103
v -1.766007 1.584471 0.319407
v -1.760427 1.599242 0.239026
v -1.569042 0.650136 0.060388
v -1.608894 0.695877 -0.000821
v 0.156313 1.806297 -0.186342
v 0.276691 1.826700 -0.197275
v -0.469137 -0.112151 -0.871857
v -0.473778 -0.070453 -0.741859
v -0.425698 -0.073227 -0.770944
v -1.389002 2.397833 -0.249321
v -1.444913 2.402068 -0.081095
v -1.319659 2.420036 -0.099187
v -1.184817 1.461915 -0.671700
v -1.253434 1.489109 -0.634879
v -1.171830 1.554518 -0.652147
v -1.685880 1.093973 -0.139076
v -1.641011 1.243757 -0.131719
v 0.336563 1.793497 -0.469328
v -1.663422 2.271871 0.172752
v -1.544755 2.261034 0.353061
v -1.620686 2.308984 0.169288
v 0.379416 1.002851 0.806822
v 0.502889 0.994127 0.786097
v 0.480196 1.053249 0.730600
v -1.502512 2.385539 0.025474
v -1.397184 2.395315 0.139031
v -1.802577 1.716390 0.005424
v -1.778760 1.735372 -0.128425
v 0.464091 1.846406 -0.163273
v -1.329294 2.845007 -1.320744
v -0.141948 1.716650 -0.055786
v -1.497050 2.362046 0.170540
v -1.507716 2.330156 0.258217
v 0.430685 1.826288 -0.383174
v 0.491847 1.842344 -0.274597
v -1.518781 0.531917 -0.073357
v -1.505559 0.483448 -0.200164
v -1.167751 2.559745 -0.755969
v -1.076231 2.643574 -1.204068
v -1.702055 1.875355 -0.304327
v -1.672447 1.956425 -0.274495
v -1.641808 1.899154 -0.386650
v 0.560628 1.812347 -0.422232
v 0.674020 1.074899 -0.993705
v 0.765165 0.998787 -1.027855
v 0.653297 1.027446 -1.061746
v -1.208143 2.434481 -0.481893
v -1.285105 2.492763 -0.562042
v 0.153265 1.731085 0.201385
v -1.338226 2.433904 -0.496507
v -1.320855 2.406516 -0.380964
v 0.466412 1.800367 0.138358
v 0.308502 1.783954 0.161161
v 0.371563 1.745354 0.240448
v -1.669751 0.986349 -0.269092
v -1.690006 1.001970 -0.121156
v -1.675870 1.087261 -0.229381
v -1.359722 2.720367 -1.059977
v -1.665954 1.368366 -0.152717
v -1.714926 1.402836 -0.071089
v -1.715769 1.427442 -0.208239
v 0.253600 1.718554 0.263369
v 0.300110 1.667557 0.338786
v -0.780971 2.341888 -0.159857
v -0.769812 2.459267 -0.215087
v -0.820870 2.349462 -0.133731
v -1.776298 1.528338 0.099891
v -1.801335 1.618847 0.105935
v -1.787269 1.522386 -0.010380
v -1.488540 1.692197 0.777135
v -1.444069 1.760284 0.801353
v -1.501527 1.798488 0.777695
v -1.398426 1.840878 0.786329
v -1.462237 1.901208 0.752628
v -1.266937 3.026199 -1.728407
v -1.330490 2.997065 -1.618983
v -1.241947 3.017480 -1.674461
v -1.442475 2.225596 0.486736
v -1.442381 2.291601 0.386551
v -0.701102 2.582742 -0.291266
v -0.807273 2.527555 -0.266968
v -0.934450 2.393439 0.016788
v -1.755036 1.449254 -0.049928
v -1.422432 1.643728 0.776062
v -1.430754 2.014349 0.691761
v -1.403091 2.165514 0.571737
v -1.489571 2.008935 0.668947
v -0.988626 2.383274 0.181961
v -0.999808 2.336218 0.334072
v -1.333654 2.603794 -0.797578
v -0.323839 -0.223084 0.695763
v -0.322784 -0.306850 0.730533
v -0.212581 -0.195713 0.729845
v -1.738344 1.854696 -0.194039
v -0.830528 0.417286 -0.811249
v -0.882899 0.601450 -0.923421
v -0.788191 0.545051 -0.887417
v -1.090484 1.761816 -0.645120
v -1.246940 1.813593 -0.649442
v -1.197031 1.931434 -0.637849
v -0.915883 2.460728 -0.243553
v -0.944295 2.408421 -0.131627
v -0.872960 2.399466 -0.140445
v -1.367037 1.683465 0.798868
v -1.373249 1.988941 0.712238
v 1.428099 0.910872 -0.518174
v 1.379432 0.932194 -0.630704
v 1.371907 1.051277 -0.547447
v -1.612293 0.698314 -0.309767
v -1.626265 0.737945 -0.167277
v -0.193568 1.708092 -0.338645
v -0.143073 1.731685 -0.187274
v -1.680418 0.926801 -0.208091
v -1.804523 1.615121 -0.026906
v -1.103049 2.362829 -0.556612
v 0.589416 1.842928 -0.169697
v 0.546562 1.839787 -0.049210
v -1.327559 2.127655 0.615117
v -0.823074 -0.124660 -0.121676
v -0.770937 -0.089733 -0.067120
v -0.784932 -0.003815 -0.129479
v 0.605403 1.831386 -0.296641
v -1.386916 1.485029 0.758740
v -1.323949 1.582316 0.804755
v -1.295490 1.797083 0.767126
v -1.337827 1.915039 0.745757
v 0.060479 0.822921 -1.355629
v 0.100918 0.904136 -1.315667
v 0.188640 0.779140 -1.351434
v -0.528259 2.262264 -0.400414
v -0.459220 2.296484 -0.485270
v -0.414867 2.328584 -0.440200
v -1.756513 1.697548 -0.230823
v -1.664313 2.019412 -0.191757
v -1.626711 2.010005 -0.334498
v -0.490704 0.045796 -0.723395
v -0.497455 0.135059 -0.736287
v -0.418665 0.063990 -0.714710
v -0.348220 0.839961 -1.046257
v -0.453665 0.850604 -1.016527
v -1.303343 1.520312 0.795459
v -1.356300 2.254119 0.480390
v -1.293169 2.209886 0.539299
v -1.632478 1.825573 -0.422453
v -1.691530 1.775837 -0.337923
v -1.657092 0.819955 -0.343653
v -1.023977 1.904831 -0.612159
v -1.119436 2.056964 -0.620901
v -1.034432 2.057247 -0.587794
v -1.252472 1.620515 0.802431
v -1.295044 2.054858 0.660607
v -1.347814 1.434809 0.741349
v -1.285831 1.453444 0.762559
v -1.035347 2.788963 -1.876950
v -1.034151 2.890037 -1.851046
v -1.021187 2.769313 -1.857520
v -1.637729 0.922545 -0.357350
v -0.318260 2.669134 -0.813276
v -0.141877 2.714507 -0.873201
v -0.260966 2.568773 -0.780511
v 1.416378 1.054368 -0.430135
v 1.375213 1.192616 -0.389595
v 1.421137 1.095211 -0.336065
v 1.587580 0.003192 -0.548412
v 1.647030 -0.018503 -0.483152
v 1.613742 -0.099028 -0.445292
v -0.390698 2.554511 -0.757281
v -1.132118 2.184072 -0.883886
v -1.083357 2.240636 -0.911143
v -1.066478 2.213423 -0.745731
v 0.496301 1.386559 0.523111
v 0.563957 1.488931 0.459332
v 0.426958 1.479051 0.493241
v 1.484995 -0.105616 -0.560541
v 1.363304 1.236500 -0.275744
v 1.413190 1.127820 -0.231064
v 1.686789 0.078695 -0.482809
v -0.839132 1.970283 -0.480764
v -0.772695 1.979203 -0.395985
v -0.776774 1.891297 -0.468437
v 0.026511 1.770330 -0.053425
v 0.492926 1.823371 0.052437
v -1.218199 0.984050 0.532571
v -1.243705 1.119450 0.479645
v -1.313634 0.988638 0.487665
v -1.235641 1.511904 0.787820
v 0.440274 -0.025954 0.777372
v 0.456426 -0.077206 0.756545
v 0.493066 -0.005038 0.784077
v -1.202540 2.141560 0.569516
v 1.570185 -0.212757 -0.129306
v 1.409439 -0.300967 -0.262977
v 1.502600 -0.241879 -0.317677
v 1.751397 0.169310 -0.421784
v 1.754116 0.076470 -0.372953
v 1.461974 0.661916 -0.445133
v 1.474891 0.801763 -0.366451
v 1.492285 0.576273 -0.298511
v -1.000160 -0.271555 0.066137
v -0.889627 -0.234794 -0.022882
v -1.024962 -0.355624 -0.011000
v -1.617357 1.219306 -0.311728
v -1.568550 1.332043 -0.363481
v -1.549233 1.278473 -0.433409
v -1.352901 0.321669 -0.223858
v -1.401029 0.399951 -0.344321
v -1.339187 0.326322 -0.353890
v -1.168102 1.076363 0.521267
v -1.178863 1.268950 0.440014
v -1.283206 1.222811 0.427790
v -1.218504 1.299959 0.428474
v 0.252779 0.866260 0.876823
v 0.378830 0.835375 0.868718
v 0.276199 0.932649 0.854598
v 0.628541 0.865036 0.814303
v 0.722453 0.930268 0.750799
v 0.630933 0.986935 0.738501
v 0.559432 0.160939 0.818120
v 0.470468 0.216694 0.859779
v 0.484205 0.149730 0.834005
v -1.189506 1.737342 0.730711
v -1.194757 1.628936 0.782921
v 1.505906 0.504468 -0.223865
v 1.492942 0.604925 -0.113569
v -1.744557 1.741346 0.409806
v -1.709744 1.828133 0.450359
v -1.710682 1.861436 0.285380
v -1.668696 2.185353 -0.207418
v -1.598931 2.211373 -0.283967
v 0.389661 1.771563 -0.520732
v 0.509171 1.752055 0.226800
v -1.115427 1.183127 0.500522
v -1.109496 2.389705 -1.384953
v -1.122436 2.435419 -1.604743
v -1.070534 2.504737 -1.441716
v 0.416831 -0.196555 0.619666
v 0.393130 -0.144473 0.681720
v 0.243871 -0.162143 0.642776
v 0.580132 1.589323 0.396371
v 0.549610 1.683239 0.319795
v 0.489644 1.566642 0.418081
v -0.758208 2.071164 -0.316421
v -0.717816 2.145119 -0.339905
v -0.728248 2.174976 -0.243005
v -1.801194 1.714915 0.075176
v -0.761701 2.204284 -0.482381
v -0.631500 2.309306 -0.570647
v -0.617763 2.228399 -0.488669
v 1.456301 0.983210 -0.173221
v 1.466053 0.957560 -0.309334
v 1.484456 0.802304 -0.260075
v 0.075811 1.757213 -0.414087
v -1.661617 0.798467 -0.267652
v 0.696783 1.789061 -0.413050
v 0.057994 -0.338648 0.215869
v -0.017725 -0.325886 0.451074
v -0.079942 -0.343869 0.180397
v 0.597222 -0.042586 0.744912
v 0.624204 -0.215104 0.585118
v 0.548321 -0.156244 0.680085
v 0.523565 -0.265524 0.600055
v 1.832813 0.206507 -0.220246
v 1.810730 0.319096 -0.264452
v 1.816403 0.358160 -0.195000
v 1.703386 -0.031005 -0.393597
v -1.101713 2.493503 -1.706886
v -1.098197 2.543769 -1.771505
v -1.044185 2.645424 -1.760926
v -1.192717 0.916787 0.537763
v -1.183832 0.809564 0.563004
v -1.129657 0.884982 0.577263
v 0.802603 1.173674 0.609155
v 0.892248 1.193004 0.555914
v 0.759750 1.266045 0.528925
v 0.490230 0.770664 0.879478
v 0.520494 0.895984 0.826464
v 0.591197 0.038586 0.768884
v 0.529848 0.084481 0.785302
v -1.178511 2.067885 0.587892
v -1.132001 2.259901 0.456671
v 1.444252 0.762678 -0.507738
v 1.454261 0.737702 -0.439052
v 1.395092 0.678061 -0.615594
v -0.313360 1.704630 -0.056393
v 0.728641 1.802183 -0.281607
v 0.860905 1.747155 -0.180056
v 0.859569 1.737476 -0.314782
v -1.090929 0.594459 0.526285
v -1.115591 0.732797 0.575876
v -1.244502 0.669862 0.492740
v -1.231515 0.769179 0.530788
v -1.092992 1.044764 0.543608
v 1.422215 0.543034 -0.552113
v 1.477446 0.514597 -0.400315
v 0.397678 0.115230 0.810543
v 0.387950 0.167549 0.842708
v 0.307002 0.186930 0.839756
v 0.634238 1.119409 0.657332
v 0.528605 1.132939 0.611797
v 0.576639 1.066854 0.681173
v 0.506288 0.456234 0.857697
v 0.588408 0.443651 0.851971
v 0.538522 0.537845 0.859449
v -0.176643 2.760530 -0.696912
v -0.332372 2.667515 -0.566917
v -0.303514 2.621984 -0.558080
v 0.299571 0.101696 0.798826
v 0.306979 0.024556 0.795845
v -0.163210 2.915853 -0.703970
v -0.296974 2.812223 -0.579697
v -0.298427 2.754640 -0.603892
v -0.798342 0.069591 -0.094639
v -0.868787 0.059133 -0.225437
v -0.652224 1.790498 0.033451
v -0.683215 1.881912 -0.047097
v -0.711768 1.875622 0.093112
v -1.554203 1.631868 -0.533885
v -1.449531 1.592420 -0.579991
v -1.525368 1.490267 -0.502822
v -1.055601 0.720699 0.577660
v -1.059868 0.886636 0.600706
v -0.976506 1.105050 0.548168
v 1.423434 -0.023134 0.293112
v 1.434429 -0.101110 0.265127
v 1.527051 -0.008419 0.253570
v -0.047005 2.765893 -0.923433
v 0.064418 2.864854 -1.038813
v 0.082258 2.706661 -0.945376
v 0.372853 0.058504 0.813251
v -1.047701 2.624663 -1.801952
v 1.205605 1.418436 0.127322
v 1.190368 1.387896 0.201771
v 1.288334 1.261175 0.165255
v -1.001308 0.990670 0.580839
v -1.013850 1.205455 0.506870
v -1.087225 1.340137 0.430701
v 1.310464 -0.118604 0.274129
v 1.298649 -0.078080 0.278542
v 1.240558 -0.062558 0.267918
v -0.909835 2.079947 -0.506136
v -0.835475 2.068291 -0.451689
v -1.689678 2.001044 0.146070
v -1.720481 2.006046 0.040682
v -1.707518 1.942595 -0.110544
v -0.073589 1.562457 0.326403
v 1.004772 -0.308446 -0.566851
v 1.088017 -0.359437 -0.479618
v 0.928255 -0.372531 -0.522393
v -1.048404 0.239328 -0.571102
v -0.987336 0.196343 -0.521390
v -1.107433 0.211534 -0.460206
v -0.973294 0.568961 0.546504
v -0.995447 0.639066 0.554854
v -0.986821 0.833163 0.600410
v -0.975052 0.907750 0.606710
v 0.635762 1.217803 0.570290
v -0.951258 1.317947 0.440203
v 0.587118 0.773019 0.857706
v -1.198859 2.887898 -1.770331
v -1.140862 2.664476 -1.807466
v -1.178699 2.657804 -1.733048
v -0.948445 0.718571 0.577232
v -0.919423 1.008881 0.568986
v -0.979717 1.407014 0.400066
v 0.402296 0.025919 0.813048
v 0.317856 0.734237 0.882506
v -1.346759 2.287957 -1.088289
v -1.340312 2.328322 -1.108731
v -1.305898 2.254071 -1.112072
v 1.399921 0.140389 0.256764
v 1.360608 0.198721 0.233938
v 1.314895 0.078188 0.263923
v 0.507671 1.218201 0.545913
v -1.133759 -0.378094 -0.642387
v -1.197148 -0.355174 -0.589305
v -1.154107 -0.285935 -0.589829
v -0.926620 0.815854 0.590425
v 0.657188 -0.154909 0.619100
v -0.683262 0.338087 0.465451
v -0.710572 0.205234 0.394974
v -0.634947 0.184017 0.461249
v -1.211987 2.411475 -0.397590
v -0.341046 1.693035 0.009237
v -0.859972 -0.299408 -0.719589
v -1.054218 -0.291865 -0.645848
v -0.781744 -0.221564 -0.706212
v -0.975123 0.480583 0.503961
v -0.883954 0.502289 0.521672
v -0.895980 0.911518 0.600196
v -0.888596 1.181401 0.520872
v 0.532075 0.341339 0.841407
v 0.531887 1.316908 0.526396
v 0.435562 1.313995 0.549520
v -1.053562 2.223595 -0.618078
v -1.045357 2.226296 -0.539877
v -1.070229 2.128889 -0.615387
v 0.688789 1.189158 0.611918
v 0.345073 -0.050696 0.777931
v 0.464466 1.097981 0.646846
v -1.257560 2.332664 -1.484515
v -1.223755 2.411682 -1.612635
v -1.160695 1.645804 -0.655094
v -1.043059 1.650028 -0.651873
v -0.886931 0.672728 0.595349
v -0.881282 1.277884 0.473121
v 0.405555 0.548604 0.903294
v 0.359748 0.645309 0.889658
v 0.268720 0.599234 0.898793
v 1.828500 0.205620 -0.100033
v 1.831641 0.302915 -0.136637
v 1.816755 0.298831 -0.029831
v -0.829825 -0.281205 0.610324
v -0.932481 -0.290646 0.613269
v -0.446538 1.615775 0.202088
v -0.313337 1.472889 0.321801
v -1.117185 1.920551 -0.632228
v -1.134790 2.134594 -0.734738
v -1.191146 2.142804 -0.790872
v -0.878469 0.400013 0.447339
v -0.857910 0.639306 0.585898
v -0.848931 0.751074 0.604536
v -0.881211 1.086881 0.553317
v -0.862621 1.438159 0.367873
v 1.477845 0.100250 0.283046
v 1.363867 0.033555 0.282690
v 0.910650 0.891052 0.669975
v 0.891826 1.014405 0.646498
v 0.805885 1.026071 0.657673
v -0.827950 -0.200799 0.563881
v 1.281231 -0.360646 -0.125829
v 1.242692 -0.382115 -0.243341
v -0.885431 -0.113213 0.433180
v -0.991790 -0.375827 -0.695998
v -0.837303 0.577446 0.555386
v -0.832967 0.881808 0.588403
v 0.225047 -0.075273 0.726069
v 0.718444 1.017033 0.688241
v 0.724164 1.111813 0.659129
v 1.490668 0.206454 0.242998
v 1.488394 0.314511 0.164408
v 0.898530 0.772404 0.700970
v 0.826890 0.880152 0.685536
v 1.414057 0.319937 0.168842
v 1.416566 0.251350 0.192397
v 1.479767 0.386233 0.088941
v 1.650172 -0.117587 -0.351715
v 1.742067 -0.028505 -0.298659
v 1.737917 -0.054461 -0.219928
v 0.884324 1.104258 0.619336
v -0.551209 -0.148467 -0.891007
v -0.469231 -0.162734 -1.038525
v -0.580114 -0.212463 -0.975470
v -0.787113 1.917411 0.204121
v -0.709213 1.822188 0.154523
v 0.208004 0.157538 0.830476
v 0.112147 0.192391 0.810196
v 0.126963 0.095850 0.769700
v -0.270695 -0.331130 0.777026
v -0.289402 -0.395241 0.757034
v -0.764772 0.656828 0.578232
v -0.808703 0.988520 0.575042
v -0.810930 1.088527 0.547759
v -0.781697 1.314454 0.447190
v -0.759380 1.412358 0.373950
v 0.273198 0.282181 0.852406
v 0.405344 0.371127 0.863142
v 0.290733 0.379607 0.870594
v 0.879917 1.267897 0.494064
v 0.868852 1.386794 0.430507
v 0.762844 1.465528 0.419537
v 1.327390 1.259266 0.028007
v 1.279520 1.352396 -0.009169
v -0.781627 0.536159 0.550213
v -0.799209 1.212570 0.493860
v 0.472179 0.601198 0.869490
v 0.617570 1.262427 0.515536
v -0.826403 -0.110678 0.438208
v -0.745080 -0.160273 0.494724
v -0.758372 -0.080985 0.398891
v -0.740720 0.771579 0.605281
v -0.772860 0.833115 0.602262
v -0.736219 0.885828 0.585831
v 0.712302 1.417052 0.448685
v 0.405133 0.932032 0.842961
v 0.357709 1.363455 0.544886
v -1.043012 2.386284 -0.882203
v -1.049319 2.442780 -0.853756
v -1.051991 2.324511 -0.781141
v -0.763201 -0.238897 0.570872
v 1.793922 0.237753 0.040363
v -1.180269 2.195641 -0.985903
v -1.206431 2.225049 -1.112274
v -1.150192 2.260681 -1.178355
v -0.745080 1.202083 0.492641
v 1.501850 0.037364 0.281850
v -1.406069 2.352363 0.287563
v -1.356511 2.324640 0.368755
v -0.857745 2.163682 -0.465296
v -0.770492 2.124859 -0.404298
v -1.292536 -0.407656 -0.309001
v -1.280252 -0.355759 -0.379834
v -1.268109 -0.428964 -0.375565
v -0.731741 1.011766 0.581098
v -0.707642 1.114521 0.539480
v 1.224688 -0.232798 0.207349
v 1.168332 -0.182126 0.239985
v 0.337806 0.438558 0.901254
v 0.258593 0.438572 0.896706
v 0.324912 -0.250227 0.642906
v 0.255217 -0.194496 0.642740
v 0.056799 -0.253505 0.733429
v -0.702696 -0.111694 0.447479
v -0.686450 0.032106 0.413304
v -0.773492 -0.030980 0.329228
v -0.703235 0.522301 0.538117
v -0.752324 0.473049 0.515043
v -0.705462 1.245185 0.490055
v -0.669595 1.308802 0.457805
v -1.143394 2.100581 -0.659984
v -1.086592 2.150558 -0.706648
v -0.625171 -0.050655 0.444805
v -0.655740 0.682265 0.555551
v -0.662890 0.743028 0.576951
v -0.635556 0.974830 0.552211
v -0.656584 0.884285 0.557583
v -1.736774 2.166754 0.083024
v -1.721771 2.188419 -0.091770
v -1.743057 2.119269 -0.022786
v 0.621344 -0.114490 0.687187
v -0.616919 2.707377 -0.377065
v -0.637314 -0.222023 0.529414
v -0.633657 0.805759 0.561804
v -0.666899 1.586030 0.201548
v -0.741165 1.514078 0.292392
v 0.147850 3.040325 -1.084964
v 0.167847 2.968951 -1.121019
v 0.122649 3.022526 -1.109093
v 0.408626 1.199770 0.574081
v -1.173166 2.416085 -1.645515
v -1.155959 2.380420 -1.587453
v -0.685700 2.493546 -0.251951
v -1.706674 2.264503 -0.132340
v -1.643496 2.292062 -0.199561
v -0.616122 -0.142578 0.474236
v -1.197922 2.694395 -0.993907
v 1.201854 0.614072 -0.873478
v 1.128409 0.692465 -0.928881
v 1.199135 0.731284 -0.895302
v -0.646668 0.429393 0.520435
v -0.648238 0.598480 0.532364
v -0.623272 1.082022 0.539841
v -0.629180 1.197021 0.516932
v -0.598024 1.529538 0.270655
v -0.056617 2.640217 -0.845737
v 0.039404 2.593635 -0.817947
v -0.329278 2.391201 -0.616297
v -0.253535 2.462029 -0.693159
v -0.160866 2.444512 -0.619590
v -0.653982 2.441509 -0.266670
v -0.617013 2.558295 -0.298698
v -0.593945 0.556118 0.542651
v -0.564665 1.384625 0.391278
v -0.537730 1.489962 0.312676
v -0.750612 2.110089 -0.229646
v -0.790113 2.163903 -0.104525
v 1.645811 -0.147598 -0.225844
v 1.545195 0.203391 0.245864
v -0.576105 0.383763 0.517384
v -0.576504 0.652052 0.535780
v -0.584217 1.269225 0.473732
v -1.097751 2.260347 -1.045217
v 0.571013 0.263867 0.838703
v 0.413947 0.287987 0.861768
v -0.564970 2.689667 -0.355406
v -0.768101 0.012847 -0.087078
v -0.573761 0.068775 0.465609
v -0.577910 0.783951 0.539403
v -0.563962 1.061561 0.525406
v -1.755317 1.746902 0.252637
v -1.055414 2.616833 -1.597642
v 0.385723 1.127951 0.585167
v -0.558899 -0.238233 0.516184
v -0.505801 0.111606 0.474484
v -0.510630 0.230250 0.504961
v -0.518413 0.582617 0.545703
v -1.044372 2.734660 -1.665316
v -1.064978 -0.187021 0.340872
v -0.984828 -0.137771 0.330960
v 0.316614 1.227673 0.580809
v 0.187773 1.269255 0.567488
v 0.225023 1.216140 0.575449
v -0.504723 -0.161121 0.475840
v -0.486203 -0.061516 0.452255
v -0.490821 0.365332 0.517629
v -0.514662 0.711450 0.561101
v -0.516350 0.851398 0.555383
v -0.523571 1.146537 0.498296
v -0.732819 1.959580 -0.282471
v -0.727428 1.984838 -0.131171
v 0.197408 2.739561 -0.963361
v 0.162244 2.678743 -0.942210
v 0.178607 2.740683 -1.011971
v -0.327121 2.367213 -0.546144
v -0.282627 2.410209 -0.463909
v -0.451367 0.511644 0.523368
v -0.442951 0.994212 0.566726
v -0.505778 1.256900 0.445245
v -0.423142 1.389570 0.372167
v -0.483999 1.456333 0.329081
v -0.443186 1.539140 0.271464
v -0.544997 1.631820 0.169926
v -1.592367 2.354102 0.041018
v -1.627414 2.341777 -0.073019
v -1.675471 2.314251 0.033660
v -0.548514 2.616292 -0.345419
v -0.479475 2.751571 -0.398018
v -0.465902 2.817690 -0.450818
v 0.333070 1.545069 0.451505
v 0.408720 1.640714 0.368388
v 0.257280 1.613516 0.391257
v -0.510490 -0.254248 0.500636
v 1.804190 0.241988 -0.325670
v 1.803580 0.181193 -0.328995
v -0.459291 2.725629 -0.400663
v -0.417610 0.358822 0.506640
v -0.447780 0.653448 0.552351
v -0.453407 0.768891 0.564474
v -0.453407 0.834689 0.558301
v -0.427549 0.921855 0.581181
v -0.434324 1.091038 0.538860
v -0.441240 1.245336 0.454397
v 0.408509 0.469389 0.890649
v 1.378846 1.170238 -0.063943
v 1.428873 1.042186 -0.048407
v 0.876096 -0.417879 -0.518453
v 0.886575 -0.400315 -0.562364
v -0.439482 -0.157934 0.484698
v -0.396160 -0.063048 0.428415
v -0.398106 0.020823 0.424242
v -0.399582 0.177056 0.461132
v -0.367114 0.548605 0.506773
v -0.345946 1.306968 0.442518
v 0.637778 1.331587 0.486033
v 0.604606 1.409527 0.483516
v 0.331851 0.520990 0.915209
v -0.451109 2.665401 -0.439171
v -0.413038 0.694219 0.547060
v -0.366974 0.771613 0.539823
v -0.371217 0.827231 0.567227
v -0.379258 1.185982 0.502670
v -0.398270 2.805444 -0.453702
v -0.275993 2.896753 -0.561307
v -0.842039 2.339871 -0.056797
v -0.890002 2.379479 -0.057508
v -0.358347 0.339762 0.476914
v -0.371334 0.679973 0.521994
v 0.200080 0.983877 0.821338
v 0.270572 1.030122 0.782055
v -0.338303 0.877455 0.579061
v 0.233486 1.493417 0.472709
v 0.230954 1.373073 0.535707
v -0.309703 0.028684 0.392322
v -0.301663 0.217256 0.425051
v -0.277517 0.960887 0.595373
v -0.315634 1.022449 0.592214
v -1.281846 2.285135 -1.358247
v -1.286980 2.337678 -1.410948
v -1.769992 1.638117 0.409921
v -0.314064 0.628467 0.520037
v -0.275383 1.141669 0.546503
v 1.634676 0.263720 0.198260
v 1.589502 0.333695 0.165650
v 0.914846 -0.351035 -0.583295
v -0.277587 0.382708 0.459790
v -0.277845 0.513825 0.504149
v -0.294864 0.752886 0.567354
v -0.277517 0.871130 0.580476
v -0.256418 1.043075 0.571625
v 1.476930 0.826961 -0.149553
v 1.454379 0.934314 -0.037734
v 1.211091 -0.028257 0.299279
v 0.246333 0.725925 0.881714
v -0.356167 2.867389 -0.490687
v -0.295192 2.941448 -0.551610
v -0.237570 0.624173 0.658280
v -0.234241 0.720981 0.684173
v 1.761688 0.267856 -0.403136
v 1.776410 0.358510 -0.329310
v 0.660587 1.826082 -0.107584
v -0.248424 0.184623 0.412632
v -0.249667 0.031889 0.394546
v 1.350270 1.163734 -0.499727
v 1.285193 1.308163 -0.442810
v 0.663869 1.716772 0.254694
v 0.645819 1.618666 0.367365
v 1.494606 0.495460 -0.031388
v 1.475618 0.712072 0.003100
v -1.111020 2.341618 -1.285279
v -1.075340 2.348598 -1.192250
v -0.241837 -0.065084 0.546900
v -0.291606 -0.153646 0.649009
v -0.212510 -0.129905 0.686277
v -0.226037 0.323144 0.466094
v -0.192678 1.064757 0.582466
v -0.175776 1.380906 0.430780
v -0.198445 1.195552 0.537262
v 0.397069 1.578088 -0.766264
v 0.427872 1.505751 -0.854591
v 0.364085 1.487836 -0.850892
v 0.437437 0.712078 0.888023
v -1.198648 2.032343 -0.624045
v -1.051616 2.339516 -0.966294
v -0.198398 0.081275 0.451359
v -0.186348 0.218599 0.487432
v -0.156482 0.342320 0.595438
v -1.764061 1.584237 0.528930
v -1.776626 1.570381 0.441623
v -1.754379 1.521739 0.518056
v 1.260953 0.090227 0.320634
v -0.214667 0.937375 0.598668
v -0.087280 1.314537 0.503857
v -0.176432 1.471445 0.350759
v -0.125304 -0.080598 0.623239
v -0.893777 2.259330 -0.483963
v -0.765944 2.281448 -0.523100
v 1.574499 0.403662 0.093466
v 0.611428 1.779092 0.168785
v 0.778387 1.784776 -0.134045
v -0.163538 0.997951 0.586821
v -0.119279 -0.161254 0.745921
v -0.129992 -0.053103 0.560777
v -0.173103 -0.014955 0.488938
v -1.091258 2.197189 0.463402
v -0.128140 1.161869 0.568156
v -0.025016 2.511213 -0.696508
v 0.074568 2.558710 -0.746956
v -0.163187 3.009865 -0.658421
v -0.212487 3.011048 -0.617376
v -0.157139 3.076975 -0.697704
v -0.205665 -0.255818 0.778178
v -0.104627 -0.220072 0.776993
v -0.116325 -0.124133 0.705204
v 0.044327 1.197555 0.553959
v 0.053540 1.093169 0.589623
v 0.136058 1.120176 0.582765
v -1.658006 1.049387 -0.321113
v -0.417352 1.689261 0.061585
v -0.022953 3.116895 -0.828247
v 0.051407 3.099692 -0.943850
v 0.003115 3.154334 -0.894375
v -0.116231 1.052721 0.595317
v 0.670832 0.308538 0.801392
v -1.164305 3.018916 -1.755232
v -0.818362 -0.045461 0.105113
v -0.814095 0.076140 0.157996
v -0.785612 0.019974 -0.004972
v -0.081536 1.427313 0.438741
v -1.004520 2.127115 -0.528666
v 0.801149 0.826748 0.727254
v 0.831015 0.708813 0.743559
v -0.057953 -0.040040 0.612905
v -0.098110 0.082743 0.598729
v -0.494384 0.477678 -0.872262
v -0.418665 0.436302 -0.884774
v -0.421548 0.335869 -0.825705
v 0.790788 1.626798 0.289075
v 0.731830 1.642922 0.315737
v 0.796531 1.540859 0.373893
v -0.065970 1.145318 0.571591
v 1.598902 0.098650 0.236346
v 1.589783 0.169012 0.243011
v -0.003027 -0.126280 0.674767
v -1.732554 2.240232 -0.056822
v -1.725381 2.247303 0.066053
v -1.702126 2.295433 -0.068202
v 0.799837 1.739271 -0.439766
v -0.834443 -0.093381 0.326773
v -0.934708 -0.135908 0.230594
v -0.643245 2.193432 -0.398782
v -0.015334 1.213485 0.551453
v -0.457790 -0.356056 -1.169762
v -0.542418 -0.315118 -1.114141
v -0.388049 -0.264256 -1.167264
v 0.645092 0.539822 0.834390
v 0.599871 0.640322 0.838505
v 0.044398 -0.189721 0.716655
v -0.014021 -0.079909 0.631267
v 0.011555 -0.035238 0.667291
v -0.272945 1.705606 -0.263468
v 0.630886 1.815333 0.041685
v -1.242673 2.079383 -0.638747
v -0.117450 0.699488 0.844364
v -0.074480 0.612367 0.853111
v -0.040582 0.703453 0.882538
v 0.236487 0.479242 0.897229
v 0.777472 0.933797 0.715000
v 0.016899 0.792490 0.872574
v -0.061375 0.810784 0.845811
v -0.034393 1.070764 0.589065
v 0.016665 1.464590 0.438773
v 1.103419 0.447621 -0.961286
v 1.025050 0.418763 -1.022560
v 1.005147 0.509436 -1.046194
v 0.552189 0.702097 0.864842
v -0.582083 2.800567 -0.528744
v -0.009169 0.563447 0.854166
v 0.009632 0.681815 0.889445
v 0.027074 0.021563 0.711380
v -0.021945 0.096697 0.699635
v -0.000401 0.380607 0.804892
v 0.050680 0.409619 0.826733
v 0.050704 0.899552 0.852348
v -0.044942 0.907259 0.805656
v 0.733986 1.755114 0.143917
v 0.137020 -0.434072 -0.967778
v 0.094541 -0.423788 -0.920047
v -0.146918 -0.439603 -1.018587
v 0.052134 1.284839 0.541790
v 0.079984 1.557450 0.402484
v 0.094495 -0.127670 0.652570
v 0.039569 0.174006 0.761676
v 0.071474 0.024648 0.720870
v 0.062308 0.285176 0.795194
v 0.066715 0.542129 0.863398
v 0.050587 0.691025 0.875760
v 0.088564 0.851604 0.871797
v 0.070560 0.964962 0.810486
v -1.541473 2.203527 -0.366645
v -1.531463 2.092196 -0.410879
v 0.718045 1.796012 0.017395
v 0.104341 1.470114 0.463862
v 0.117422 1.629125 0.340990
v 1.550798 -0.174927 -0.416723
v 1.424044 0.445587 -0.514644
v 0.085071 0.409201 0.819483
v 0.117164 0.744411 0.884283
v 0.122157 -0.091185 0.690571
v 0.129823 0.462531 0.856632
v 0.141239 0.618986 0.892704
v 0.107458 1.202282 0.566846
v 0.135847 1.326032 0.545274
v 0.988573 1.350672 0.410868
v 0.163088 0.006838 0.749913
v 0.166932 0.363047 0.832790
v 0.174879 0.536222 0.884325
v 0.145107 0.912237 0.859270
v 0.153101 0.829081 0.871283
v 1.455715 0.936734 -0.403088
v 0.229079 1.166458 0.572109
v -0.485593 0.561251 -0.897913
v -0.917923 -0.113268 0.388377
v 0.141028 0.265089 0.822753
v 0.208777 0.715427 0.891795
v 0.231353 1.098862 0.659776
v 0.036122 1.023230 0.720889
v 0.261359 1.123393 0.585856
v -1.659530 1.177072 -0.042048
v 0.760758 -0.176475 0.556025
v 0.753631 -0.247937 0.571853
v 0.664362 0.764079 0.825115
v -0.075324 3.044251 -0.762710
v -0.672150 2.707180 -0.414720
v 1.115234 1.107829 0.470369
v 1.020104 1.116543 0.525065
v 1.083493 1.018467 0.536057
v -0.327074 2.470084 -0.390332
v -0.186840 2.478207 -0.469771
v -0.208361 2.506830 -0.446833
v 0.651937 0.135057 0.763943
v 0.642208 0.218330 0.800814
v 0.049180 -0.424807 0.701331
v 0.185804 -0.407452 0.685153
v -0.007598 -0.401016 0.750603
v 0.980275 1.048269 0.593405
v 0.965459 0.982254 0.631437
v 1.690657 0.272826 0.167858
v 1.672583 0.194926 0.197032
v 0.810667 0.461181 0.752918
v 0.832539 0.525200 0.769275
v 0.737925 0.544462 0.810163
v 1.684492 0.123650 0.181633
v 1.343518 0.263469 0.278086
v 1.287537 0.185296 0.339845
v 1.433984 0.837794 -0.540818
v -0.517874 -0.368491 0.531808
v -0.607636 -0.398512 0.558859
v 1.740027 0.249778 0.127833
v 1.622884 0.004814 0.186462
v -0.510044 2.452685 -0.683485
v -0.380148 2.446402 -0.693978
v 0.737479 -0.019341 0.670670
v 0.863272 -0.046322 0.581335
v 0.858209 0.042887 0.651062
v 1.032435 -0.114135 -0.855027
v 0.983908 -0.197402 -0.724691
v 0.924669 -0.175062 -0.881658
v 1.041437 0.209760 -0.988159
v 1.133308 0.189042 -0.890930
v 1.126815 0.113126 -0.854086
v -0.139252 2.540510 -0.508932
v -0.278056 2.548842 -0.483452
v 0.748427 0.187719 0.718159
v 0.796391 0.302113 0.731628
v 0.710872 0.253234 0.764521
v -0.775696 2.078790 -0.058474
v -0.709588 -0.384451 -0.785345
v -1.259599 1.988644 0.680279
v 0.757406 0.070074 0.693651
v 0.683327 0.077010 0.749800
v -0.748901 2.257040 -0.173726
v -0.144644 -0.384111 0.795914
v -0.223575 -0.403856 0.777058
v -0.129640 -0.416619 0.765469
v -1.227389 1.900659 0.688734
v 1.193907 1.337496 -0.614243
v 1.297758 1.224376 -0.527000
v 1.268244 1.198730 -0.638918
v -1.146230 1.640737 0.740363
v -0.943124 -0.054677 -0.360975
v -0.906389 0.015830 -0.295297
v -0.929855 0.039776 -0.412950
v 0.880432 1.531632 0.355694
v 1.207996 1.027929 0.426744
v 1.093690 1.250132 0.406283
v 1.081594 1.181254 0.439236
v 0.824686 0.114654 0.678822
v -0.461190 2.511551 -0.396879
v -1.206642 1.336149 0.464057
v -0.151208 2.558393 -0.774039
v 1.719773 0.003279 0.075571
v 1.620071 -0.097580 0.096489
v -1.434833 0.393842 -0.186151
v -1.158374 1.550076 0.759636
v -1.155678 1.847083 0.622745
v -0.417258 2.631792 -0.495866
v -1.125109 1.504155 0.694453
v -1.188216 1.478806 0.750732
v -1.174479 1.427514 0.677013
v -0.360925 2.502530 -0.383262
v -1.097142 1.619688 0.678936
v 1.459934 0.527633 0.081602
v 1.466123 -0.197211 0.127247
v 1.557057 -0.196901 0.013357
v -1.068682 1.563272 0.613190
v -1.100494 1.710174 0.648313
v 1.760141 0.196230 0.101700
v 1.736534 0.092547 0.102418
v 1.301228 0.293256 0.359277
v 1.251271 0.315652 0.421659
v 1.236503 0.197567 0.415971
v 1.317239 0.980323 0.307240
v 1.329101 1.129679 0.192748
v 1.269698 1.079634 0.316029
v -0.445905 0.966928 -1.007135
v -0.511615 1.096607 -0.967367
v -1.129844 1.407138 0.542706
v -1.211589 1.377034 0.612659
v -1.083029 1.463785 0.549398
v -1.125718 2.036084 0.527470
v 1.796711 0.082965 -0.245608
v 1.730463 0.343205 0.098210
v 1.309269 0.527007 0.360493
v 1.274785 0.625414 0.412150
v 1.239550 0.465615 0.440107
v 1.082649 0.685858 0.584788
v 1.074303 0.813865 0.579637
v 1.014524 0.824167 0.636535
v 1.686484 0.369684 0.111437
v -1.077497 1.807613 0.532867
v 0.951487 0.125230 0.608771
v 0.986370 0.243580 0.594746
v 0.921434 0.176848 0.642544
v 1.255304 0.732141 0.430908
v 1.308518 0.804500 0.367383
v 1.214537 0.789748 0.493506
v -1.033987 1.651647 0.563431
v -0.102845 1.270103 -0.974744
v 0.010570 1.272626 -0.967114
v -0.060578 1.181412 -1.000926
v 0.827546 0.612078 0.776818
v 0.105724 2.962837 -0.959004
v 0.147967 2.990386 -1.037666
v -1.099064 1.908153 0.493798
v 0.701823 0.848089 0.794874
v 0.879823 0.246406 0.658436
v 1.534998 -0.096219 0.190685
v -0.054108 2.713713 -0.737185
v 0.139645 2.786551 -0.890521
v 0.037248 2.873896 -0.867099
v -1.085608 1.395556 0.441456
v 1.397507 0.604144 0.224048
v -1.063337 1.982854 0.418207
v -0.503105 1.193602 -0.936243
v -0.370349 1.250893 -0.935638
v 1.343354 0.402217 0.304168
v 1.040874 -0.044513 0.439589
v 1.141419 -0.007695 0.396992
v 1.086728 0.067674 0.479474
v 0.864820 -0.292050 0.527442
v 0.916487 -0.306674 0.485162
v 0.938383 -0.225588 0.487634
v 1.013329 -0.161355 0.426884
v 0.851715 -0.211530 0.537174
v 0.915128 -0.119899 0.484106
v 1.047250 -0.202387 0.376536
v 0.983791 -0.095229 -0.930852
v -1.024258 1.495223 0.481408
v -0.983914 1.564466 0.503297
v -0.997088 1.735019 0.510815
v -1.025032 1.841601 0.468756
v -1.048873 1.941077 0.418161
v -1.055812 2.054680 0.425900
v 0.977321 0.039470 0.542349
v -1.028947 2.156639 0.431301
v -0.482546 1.291257 -0.919341
v -0.936091 1.644685 0.496942
v -0.915672 -0.366663 0.624416
v -0.786761 -0.351727 0.612097
v -0.365075 0.326202 -0.895020
v 0.865992 0.156000 0.672602
v 0.026863 2.525633 -0.661686
v -0.089389 2.490469 -0.544911
v -0.098180 2.461969 -0.596169
v 0.097308 2.666709 -0.763582
v 0.150429 2.665909 -0.808794
v -1.180269 2.470094 -1.700776
v -1.127734 2.499317 -1.738318
v -0.928964 1.463470 0.406920
v -0.128281 2.845953 -0.745022
v -0.013248 3.008060 -0.852380
v 0.800493 -0.113548 0.554174
v 0.958168 1.486506 0.337879
v -0.926292 1.711369 0.478988
v -0.957775 2.059550 0.319877
v -0.998800 2.101968 0.390992
v -0.978170 2.279293 0.370866
v -0.568745 2.278521 -0.331291
v 0.020463 2.594338 -0.650331
v -0.121857 2.575876 -0.576118
v -0.011443 2.544032 -0.591433
v -0.901513 1.512996 0.425356
v -0.874929 1.582552 0.430932
v -0.893472 1.790222 0.413721
v -0.956439 1.863935 0.422237
v -0.905568 1.973343 0.307701
v -0.958689 2.009231 0.330830
v -0.965816 2.185182 0.353636
v 1.727931 0.352492 -0.401437
v -0.512576 2.331048 -0.592253
v -0.861965 1.645029 0.434701
v -0.767116 0.415067 0.462850
v -0.651825 -0.338837 0.570491
v -0.215136 2.415233 -0.534293
v -0.059125 2.633202 -0.667205
v -0.814916 2.278561 -0.028666
v 0.843956 -0.405197 -0.677238
v 0.973172 0.730125 0.673652
v 1.000435 0.595003 0.665625
v 0.718256 -0.347884 0.570300
v -0.839554 1.853690 0.329703
v -0.923596 2.157095 0.304752
v -0.664601 -0.423663 0.546236
v -0.867380 -0.428754 0.577982
v -0.844453 -0.438597 0.528780
v 0.921059 0.014669 0.589258
v -0.795013 -0.101244 -0.655644
v -0.679394 -0.118850 -0.706404
v -0.809665 1.699413 0.365378
v -0.906436 2.271605 0.262401
v -0.754270 -0.403568 0.603641
v 0.746130 0.625103 0.800344
v 1.083399 -0.229141 0.282515
v 1.182655 1.278395 0.297081
v 1.089306 1.367648 0.342590
v 1.258820 0.422539 0.407480
v 1.190133 0.324064 0.467443
v 0.900101 0.374612 0.685571
v 0.939836 0.510799 0.694621
v 0.956246 0.392585 0.639134
v -0.817518 1.514280 0.343691
v -0.875046 2.099972 0.239278
v 1.412065 0.761468 0.195378
v -1.260396 2.228625 -1.085288
v -1.273407 2.197968 -0.944492
v 0.917659 0.630019 0.722315
v -0.756309 1.582458 0.306955
v -0.879266 2.192756 0.227840
v -0.400966 2.385218 -0.397638
v 1.112491 0.208985 0.508497
v 1.096339 0.310483 0.527279
v -0.108870 3.069577 -0.710698
v -0.790020 0.482720 -0.842677
v 1.181108 0.474923 0.487239
v 1.105224 0.407656 0.513696
v 1.283036 -0.292424 -0.492410
v 1.434312 -0.191011 -0.500496
v 1.422895 -0.254550 -0.423396
v -1.001988 -0.283381 0.566313
v -0.836295 1.980041 0.220928
v 0.180553 2.694541 -0.886059
v 0.145811 2.625812 -0.811771
v 1.167816 0.949138 0.503054
v 1.324788 1.299024 -0.142793
v 1.182538 0.200258 0.467000
v -0.026352 2.908128 -0.828893
v -0.272078 -0.026557 -0.988612
v -0.190451 -0.020223 -1.098928
v -0.202664 -0.109060 -1.082866
v -0.753285 1.682811 0.299276
v -0.752605 1.790670 0.265111
v 0.717178 0.722035 0.785468
v 1.087408 0.487774 0.556808
v 1.083774 0.910610 0.573574
v 1.132019 0.602909 0.556994
v 1.015251 0.520758 0.626882
v 1.195056 0.124351 0.431517
v 1.175880 0.836957 0.532612
v 1.121704 0.742733 0.550009
v -0.853971 2.268662 0.149803
v -1.729718 1.473486 0.130664
v -0.693553 1.709963 0.187269
v 0.967241 1.240980 0.471524
v 1.041272 0.156417 0.552523
v -1.726318 2.086455 0.069122
v -1.724115 2.016450 -0.034014
v 1.020057 0.345089 0.565583
v 1.009508 0.404498 0.581315
v -0.713597 1.618972 0.229374
v 0.367343 -0.324750 0.635365
v 0.963068 -0.041557 0.493575
v 1.004936 0.038080 -0.976373
v 1.089306 0.064615 -0.890467
v 1.035670 -0.023465 -0.943041
v -0.930441 -0.165499 0.159277
v -1.056328 -0.219338 0.196722
v -0.498557 2.535590 -0.724033
v 1.370665 0.875809 0.244154
v -1.315135 0.970095 -0.801177
v -1.365278 1.099465 -0.733233
v -1.293919 1.060921 -0.792526
v 0.964826 -0.423787 -0.380513
v 1.089869 -0.397188 -0.390144
v 1.234393 0.881698 0.462152
v 1.771815 -0.001840 -0.112431
v 1.809816 0.092946 -0.154273
v 1.182303 0.715553 0.517431
v -0.466230 2.624806 -0.752586
v -0.378296 -0.398788 0.677204
v -0.415922 -0.345784 0.646101
v -0.457017 -0.407234 0.576372
v -1.623898 0.697698 -0.103227
v 1.396241 0.390077 0.200801
v 0.522135 -0.359800 0.602189
v -0.947531 0.399306 -0.800963
v -0.803358 0.335599 -0.747989
v -0.804085 -0.349680 -0.748820
v -0.695686 -0.277450 -0.750359
v -1.253809 2.145991 -0.789048
v 1.545266 0.445880 -0.321666
v 1.336439 -0.191259 0.232243
v -0.120451 -0.300167 0.793314
v -0.193240 -0.341361 0.796863
v 1.399546 -0.179334 0.210107
v 0.868313 -0.335077 -0.766090
v 0.923215 -0.226096 -0.812173
v 0.916628 -0.284606 -0.694023
v -1.609504 0.633842 -0.121269
v 0.098081 3.085823 -1.072091
v 0.086641 3.107237 -1.025641
v 0.684780 0.410118 0.808805
v -1.090906 2.331568 0.371357
v 1.793265 0.116926 0.008450
v 1.732971 -0.041827 -0.001394
v 1.787030 0.059936 -0.030342
v 1.748443 0.429044 -0.274300
v 1.731447 0.402926 -0.347610
v 1.667683 0.450996 -0.302842
v 1.733088 -0.065156 -0.104325
v 1.776457 0.429309 -0.156088
v 1.811902 0.365653 -0.084287
v -1.086030 2.669436 -1.841629
v -1.053866 2.896729 -1.870978
v -1.069386 2.958760 -1.844543
v -0.005019 -0.339612 0.755671
v 0.016079 -0.439605 -1.051574
v -1.425620 2.730679 -1.218583
v -1.360262 2.782408 -1.201852
v -0.081747 3.128354 -0.778883
v 1.141724 0.530648 0.539847
v -0.672595 2.347602 -0.225753
v -0.374053 2.751325 -0.793604
v -0.167289 2.991333 -0.867234
v -0.227607 2.833355 -0.864947
v -1.474310 0.440484 -0.087432
v -0.644159 2.290858 -0.258353
v -1.031549 2.831020 -1.796368
v -1.058156 2.927127 -1.784668
v -1.057500 2.816239 -1.668136
v 0.993496 -0.233408 -0.635990
v -0.268608 -0.410974 -0.067096
v -0.408631 -0.432218 0.336525
v -0.290668 -0.436679 -0.090815
v -0.334998 1.177099 -0.976578
v 0.917800 1.595684 0.277029
v 0.854997 1.601553 0.302639
v 0.765798 0.425857 0.773310
v -1.062915 2.627139 -1.825645
v -1.659788 0.972091 0.101378
v -1.672799 1.032750 0.039713
v -1.674323 0.879081 0.040604
v -0.316220 -0.116093 -1.054944
v 1.450018 0.675572 0.116364
v 1.365039 0.986601 0.216781
v -1.321980 1.306430 0.468628
v 1.466686 0.422675 0.065564
v -0.660288 2.200209 -0.306319
v -0.572003 2.415257 -0.284582
v -0.594508 2.449733 -0.313496
v -0.626085 0.949053 -0.980132
v -0.789434 0.972512 -0.965493
v -0.790863 1.036492 -0.972441
v 0.139809 -0.368735 0.705413
v 0.163627 -0.334996 -0.326805
v 0.019877 -0.340986 -0.233411
v 0.073889 -0.327954 -0.573630
v -0.819674 2.200552 0.005126
v -0.331294 -0.177649 -1.129035
v 1.306690 -0.325993 -0.400183
v 0.235033 -0.336713 0.674263
v -0.567244 2.508976 -0.351736
v 1.362601 0.606865 -0.652749
v -0.477600 2.408857 -0.333551
v -1.550897 2.338431 -0.256870
v -1.441068 2.360924 -0.343150
v -1.542716 2.296439 -0.338741
v 1.380323 0.772043 -0.672686
v -1.265694 1.690242 -0.647136
v -0.453571 2.467540 -0.337076
v 0.191172 2.928703 -1.091808
v 0.183319 2.858466 -1.095588
v -0.480131 2.562003 -0.428157
v -1.023907 2.729321 -1.819443
v -0.257754 3.003098 -0.611997
v -1.299170 2.171050 -0.806224
v -0.412452 -0.005292 -0.710999
v -0.610941 1.676302 0.082113
v -1.373718 2.605631 -0.855860
v -1.394840 2.689704 -1.063624
v -1.406702 2.582864 -0.920264
v 0.092244 2.589203 -0.714920
v -0.547318 -0.076420 -0.733968
v 0.045781 3.131941 -1.007632
v -1.657069 1.369155 -0.015860
v -0.688091 1.876116 -0.252762
v -0.801553 0.750456 -0.964699
v -0.826871 0.839596 -0.970184
v -0.740345 0.898434 -0.967777
v -1.650950 2.117591 0.397251
v -1.687966 2.119425 0.285139
v -1.680980 1.999751 0.441409
v -1.086639 2.510450 -1.610535
v -1.631305 0.784022 0.067836
v -1.687427 1.080422 -0.043040
v -1.054195 2.363358 -1.116442
v -1.046834 2.455041 -1.227465
v -1.035862 2.448777 -1.043766
v -1.040035 2.541900 -1.232418
v -1.042637 2.523485 -1.039480
v -1.749198 1.475302 0.391792
v -1.006020 -0.348353 0.587760
v -1.067205 -0.333045 0.528462
v -1.045497 -0.395004 0.556022
v -1.590187 1.353641 0.125116
v -1.611848 1.299645 -0.023147
v -1.001238 -0.416037 0.578927
v -0.010927 -0.346087 0.001601
v -0.196780 -0.353951 -0.004647
v -1.590961 1.230830 0.094232
v -1.564072 1.296080 0.128868
v -1.785675 1.680648 0.168776
v -1.762819 1.808488 0.146368
v -0.605362 -0.147081 -0.746311
v -1.731898 1.877372 0.135688
v -1.052765 2.615018 -1.385656
v -1.685739 1.955511 0.272013
v 1.717475 0.239212 -0.448956
v -1.764553 1.504030 -0.169394
v 0.976524 0.095800 -1.035711
v 1.229611 -0.283273 0.160157
v 1.086611 -0.325878 0.165798
v 1.195291 -0.344588 0.064594
v -0.380992 -0.441814 0.391163
v -0.574558 -0.437738 0.304144
v 1.114671 0.793727 -0.936149
v 1.236901 0.819762 -0.858455
v 0.191617 2.830987 -0.997653
v 0.204136 2.826409 -1.056584
v -1.773110 1.580307 -0.184148
v -1.754309 1.679320 0.510442
v -1.696476 1.776199 0.564166
v -0.868998 -0.165858 0.083030
v -1.064908 2.328167 -0.653647
v 0.841823 -0.332214 -0.874554
v -0.807039 -0.103567 0.037773
v -0.356378 0.205709 -0.827875
v 0.798055 -0.333646 -0.939023
v 0.735018 -0.411775 -0.910250
v 0.428623 1.098547 -1.024616
v 0.571693 1.063409 -1.035497
v 0.469038 1.046097 -1.120295
v 1.294476 0.637131 -0.771371
v 1.305893 0.751215 -0.797716
v 1.264212 0.691805 -0.839565
v 1.172223 0.027169 -0.726013
v 1.245059 0.082209 -0.678220
v 1.186429 -0.037001 -0.638534
v 0.689516 -0.385429 -0.983114
v -1.625023 1.105774 -0.370176
v 1.284255 0.482100 -0.758097
v 1.228063 0.357582 -0.831228
v 1.193439 0.476828 -0.861324
v -0.211291 -0.179178 -1.132127
v -1.587116 0.753274 0.143806
v -1.663539 1.426219 -0.312678
v -0.825676 -0.062156 0.211821
v -1.654983 0.790477 -0.095112
v 1.370852 0.847603 -0.686442
v 1.314004 0.881969 -0.750735
v 0.252334 1.168301 -1.004056
v 0.207863 1.114650 -1.024283
v 0.116601 1.183351 -1.010958
v -1.028994 -0.437647 -0.692772
v -1.085678 -0.440968 -0.661987
v 1.067856 0.618607 -0.985952
v 1.127330 0.546382 -0.948144
v 1.322186 1.043028 -0.636741
v 1.238026 1.070143 -0.735525
v 1.267963 1.135261 -0.684010
v -0.832357 0.095275 0.024993
v -1.691952 1.594870 -0.364337
v -1.706533 1.495555 -0.315217
v 1.241097 0.552261 -0.799355
v -1.641526 1.001360 -0.360395
v 1.222531 0.252266 -0.808353
v 1.301415 0.287496 -0.725706
v 0.993848 0.316863 -1.016636
v 1.092916 0.361651 -0.942208
v 1.069193 0.280658 -0.949836
v -1.721114 1.640612 -0.303305
v -0.570409 1.740116 -0.542841
v -0.579434 1.770694 -0.419369
v -0.460651 1.745136 -0.436592
v 0.305267 1.730019 -0.608059
v 0.491543 1.758327 -0.549466
v 0.352082 1.649011 -0.689609
v 0.139528 2.809833 -1.059995
v 0.152304 2.911055 -1.114927
v 0.133644 1.030602 0.755053
v 0.882706 -0.379518 0.448572
v 0.963162 -0.314863 0.398377
v -1.692631 2.030437 0.246058
v -1.693429 1.998655 0.358939
v 1.276004 0.970673 -0.729007
v 1.105177 0.001410 -0.848717
v 1.105201 -0.051190 -0.797047
v -1.719637 2.090617 0.169474
v 0.811441 -0.404104 -0.818056
v -1.266608 0.571159 0.431654
v -1.128555 0.497137 0.456614
v -0.008489 3.125484 -0.966761
v -0.174158 1.019642 -1.044572
v -0.038542 1.036906 -1.101030
v -0.196382 0.971925 -1.120845
v 1.352309 0.470358 -0.679785
v 1.343589 0.365761 -0.687800
v -1.462518 1.193341 -0.607715
v -1.342797 1.295928 -0.663074
v 1.362249 0.277873 -0.595717
v 1.249935 0.173014 -0.746585
v 1.075053 -0.104456 -0.770942
v 1.092706 -0.120284 -0.669427
v 0.144427 2.628251 -0.860714
v -1.413336 2.848966 -1.402560
v -1.436943 2.836675 -1.431820
v 1.318247 0.169465 -0.616702
v 0.799204 -0.382010 0.534674
v 0.930576 -0.377090 0.302637
v 0.856404 -0.411326 0.385196
v -1.023227 -0.198552 -0.179780
v -0.948234 -0.150024 -0.210990
v -0.778087 -0.071027 -0.019769
v 0.282598 -0.435156 -1.004038
v 0.441024 -0.412608 -1.019326
v 0.559995 -0.424829 -0.962988
v 1.318482 0.121490 -0.589986
v 1.309667 0.054413 -0.612550
v -0.511123 0.682506 -0.941463
v -0.430081 0.581616 -0.914755
v -1.126867 -0.167128 -0.363727
v -1.051288 -0.146579 -0.301745
v -0.944952 -0.095553 -0.299020
v -1.729061 2.075351 -0.073009
v -1.263537 1.403935 0.709730
v -1.119787 -0.369309 0.135182
v -1.102088 -0.276408 0.190095
v -1.070933 -0.314566 0.117818
v -0.053991 0.953709 -1.267596
v -0.032072 0.882254 -1.323768
v -0.137892 0.873277 -1.301264
v 1.214420 1.229938 -0.691554
v 1.183499 1.176925 -0.752332
v -1.421048 0.422235 0.037213
v 1.425943 0.910310 0.119164
v -1.468590 1.485019 0.694806
v -1.440436 1.530612 0.739049
v 0.038021 1.133392 -1.009331
v 0.269916 -0.412095 -1.041803
v 0.333352 -0.401054 0.648642
v 0.952941 0.244546 -1.052306
v -0.485640 0.273129 -0.788895
v -0.566236 0.405580 -0.856162
v 0.993801 -0.351298 0.216918
v 0.006139 1.071137 -1.038301
v -1.061438 2.704053 -1.503794
v -0.808774 -0.160742 -0.015182
v -0.820167 -0.175455 -0.056056
v 1.387239 0.397411 -0.607429
v -0.743158 1.962277 0.010812
v 0.171433 1.076052 -1.104044
v 0.335626 1.080004 -1.096301
v 0.215552 1.042985 -1.176675
v 0.885215 -0.205317 -0.950687
v 1.648249 0.293972 -0.476378
v 1.653360 0.148966 -0.533983
v 1.580148 0.210070 -0.546760
v 1.156024 0.286170 -0.897597
v -1.688505 2.208976 0.210615
v 1.269041 1.369381 -0.359299
v 0.812449 -0.188720 -1.011678
v 0.208566 -0.316286 -0.777396
v -0.044192 -0.322143 -0.805655
v 0.147475 -0.332753 -0.839629
v -0.514311 -0.417855 0.522283
v -0.547529 -0.435322 0.475159
v -1.613395 1.451968 -0.397038
v -0.587522 -0.425251 -1.113181
v -0.504418 -0.434558 -1.155085
v -1.309016 2.346318 -1.273915
v -1.328731 2.288244 -1.202157
v -1.558633 0.657800 -0.405708
v -0.433012 -0.410363 -1.197007
v 1.376619 1.089384 0.115426
v 0.497661 -0.380817 -1.033271
v -0.842484 2.132844 0.129083
v 0.460833 -0.377069 -0.820014
v 0.601957 -0.395696 -0.770210
v 0.512360 -0.347312 -0.776805
v -1.055414 -0.258018 -0.128413
v 0.367297 0.937831 -1.260143
v 0.257679 0.952805 -1.271852
v 0.388676 1.005568 -1.206389
v 1.394483 0.253590 -0.524513
v 1.447135 0.886629 0.061641
v 1.676568 -0.120916 -0.060060
v -0.501370 0.769566 -0.971875
v -0.423517 0.651625 -0.983024
v -0.813743 2.082150 0.040462
v -0.799139 1.991264 0.113139
v -1.503590 0.583563 0.166098
v -1.550405 0.658928 0.173838
v -1.508185 0.559111 0.085753
v -0.575051 0.845368 -0.975734
v -0.448906 0.771742 -0.987272
v 1.642553 -0.124406 0.027037
v -0.200672 -0.442002 -1.091368
v -0.371264 -0.439720 -1.100668
v -0.369459 -0.438119 -1.171052
v 0.856216 -0.122635 -0.988472
v -1.081599 2.601270 -1.040945
v -0.405654 0.742258 -1.028134
v -1.190607 2.867043 -1.493447
v -1.095243 2.991686 -1.805089
v -1.110949 2.974757 -1.738569
v -1.110152 2.354523 -0.484491
v -1.294364 2.136201 -0.697252
v -1.387619 2.941057 -1.533529
v -0.654756 1.786099 -0.407275
v -0.648754 1.837706 -0.182357
v 1.740660 0.447508 -0.060517
v 1.682312 0.433281 0.038745
v -1.303765 2.414921 0.089685
v -1.291739 2.379261 0.257305
v -0.199640 3.052287 -0.744831
v -1.047771 2.366469 0.286393
v -1.181863 2.377840 0.272408
v 1.718155 0.462717 -0.211977
v 1.695439 0.474927 -0.105046
v 1.674271 0.467323 -0.024169
v 1.598457 0.449628 0.022529
v -0.389596 2.890788 -0.516912
v 1.616156 0.483574 -0.164127
v 1.592385 0.480162 -0.082867
v 1.621056 0.470677 -0.249499
v 1.538092 0.463516 -0.063678
v -0.392597 2.857635 -0.742099
v 1.520276 0.488229 -0.170372
v -0.358956 1.324967 -0.894623
v -1.048170 2.415996 -0.013106
v -0.338163 1.724306 -0.210442
v -1.020203 -0.336989 0.053911
v -1.583928 2.352407 -0.140092
v -1.024844 2.407295 0.091880
v -1.133126 2.405186 0.173932
v -0.531611 1.718755 0.014412
v -0.419579 1.707048 -0.519371
v -0.383454 1.721925 -0.405066
v -0.308015 1.689302 -0.419922
v -1.250152 2.412279 -0.274049
v -0.618630 2.741518 -0.602755
v -1.141472 2.403433 -0.268306
v -1.180972 2.420390 -0.101152
v -1.037058 2.413795 -0.175701
v -0.441193 1.756799 -0.213828
v -0.598423 1.792353 -0.226948
v -0.472020 1.747248 -0.085690
v -1.153404 2.633657 -0.917612
v -0.473591 1.669033 0.124099
v -1.762678 1.556040 0.180936
v -1.081505 -0.226963 0.418899
v -0.793278 0.259800 0.338314
v -0.794802 0.173537 0.270971
v -1.359371 2.989507 -1.656760
v -1.410851 2.933736 -1.606376
v -0.601119 1.756380 -0.049908
v -0.630188 1.713294 0.042191
v -1.222231 2.342520 0.357085
v -0.988766 2.424476 -0.250089
v -1.116880 3.002676 -1.829067
v -1.198554 2.421932 0.056464
v -1.123280 2.372065 -0.415070
v 0.359889 1.116373 0.616334
v -1.362793 2.513163 -0.679343
v -1.071636 2.379644 -0.366695
v -0.238953 2.750658 -0.857406
v -1.681824 1.956343 0.166382
v -1.238196 2.302946 0.423442
v -1.009912 2.412619 -0.334344
v -1.105440 -0.318459 0.451384
v -1.127218 -0.286744 0.355757
v -1.158069 -0.369556 0.307310
v -0.187731 1.688364 -0.442653
v -0.510724 1.770175 -0.326535
v -1.110926 -0.267132 0.269322
v 1.118305 1.463983 0.223823
v -0.197061 0.859431 -1.279295
v -0.224114 0.757234 -1.310676
v -0.275712 0.777037 -1.247227
v 1.254319 1.402293 -0.203536
v -1.614005 1.125875 0.142596
v -1.641034 1.149985 0.063348
v 1.194916 1.459141 0.062294
v -1.447023 2.699083 -1.264537
v 1.197166 1.472408 -0.045772
v -0.607308 0.072980 -0.734682
v -0.561641 0.213622 -0.765898
v -0.940451 2.485245 -0.337401
v 1.212685 1.389236 -0.502233
v 1.031075 1.498175 0.275462
v 1.020971 1.572500 0.192996
v -1.166344 -0.254592 -0.231665
v -1.169837 -0.202096 -0.292972
v 0.754991 1.093524 -0.989212
v 0.725242 1.175473 -0.958477
v 0.845456 1.122998 -0.972030
v 1.178717 1.502385 -0.230232
v 1.121704 1.544467 0.040558
v 1.080234 1.560430 0.128080
v 1.177380 1.495520 -0.344031
v 1.093760 1.587280 -0.158687
v 1.028942 1.625189 0.031701
v 1.130870 1.474151 -0.523084
v 1.146483 1.512680 -0.408508
v -1.590961 1.171150 -0.419939
v -1.181137 3.023208 -1.792029
v -1.189295 3.003996 -1.806940
v 1.090900 1.582148 -0.303809
v 0.955074 1.652659 0.137008
v -0.700609 1.824484 -0.404205
v -1.727139 1.449219 0.492231
v 0.885262 1.674673 0.161499
v 0.357568 1.079953 0.714875
v 1.002100 1.662339 -0.212001
v 0.970616 1.682631 -0.081939
v 0.912103 1.703141 0.052792
v 0.802556 1.682881 0.220690
v 1.011078 1.606398 -0.447622
v 0.976407 1.664649 -0.331679
v 0.853684 1.744597 -0.027910
v 0.806096 1.738008 0.092601
v 0.901929 1.693966 -0.419813
v -0.571253 1.208359 -0.940546
v -1.588124 2.037591 -0.382822
v -0.353705 0.109299 -0.750676
v -0.391588 0.209689 -0.771554
v -0.933395 0.099348 -0.351710
v -0.134071 0.965363 0.654936
v -1.119225 -0.405162 0.458731
v -1.434551 2.867833 -1.522555
v -0.891596 0.150377 0.073349
v -0.955618 0.163751 0.063846
v -0.019226 1.035353 0.643895
v -0.349954 -0.107700 0.527174
v -0.399700 -0.204929 0.593835
v -0.343203 -0.064763 0.453149
v -0.275946 -0.021963 0.413751
v -1.283276 0.897848 0.516549
v -0.804132 -0.002960 -0.641993
v -0.681410 -0.029528 -0.699203
v -0.508333 2.723424 -0.711359
v -0.068408 0.951936 0.753927
v -0.207915 0.569279 0.672993
v -0.153317 0.595051 0.794759
v -0.230327 0.812263 0.665798
v -0.954141 0.325921 -0.699448
v -0.234640 0.468830 0.537657
v -0.159038 0.443803 0.655483
v -0.758583 0.072522 0.320935
v -0.188364 0.874928 0.688725
v -0.918204 1.692472 -0.614166
v -0.100548 -0.339682 -0.367169
v -0.243501 -0.345519 -0.286879
v -0.343906 -0.336771 -0.482736
v -0.308367 0.850872 -1.102847
v -0.127718 0.872841 0.769065
v -1.329435 1.083693 0.445030
v -0.067142 0.209161 0.664782
v -0.471129 -0.246989 0.536182
v -1.229616 1.120027 -0.801415
v -0.154349 0.763649 0.801266
v -0.730850 2.677593 -0.491618
v -0.095578 0.487297 0.777440
v -1.405951 2.464445 -0.766626
v -1.383587 2.456277 -0.647191
v -1.558446 1.874279 0.708284
v -0.471129 -0.306354 0.566074
v -0.177651 0.664869 0.793024
v -1.093906 0.884399 -0.898545
v -1.095032 1.009267 -0.879496
v -1.021070 0.978211 -0.901037
v -1.220825 0.778019 -0.861102
v -1.214261 0.950857 -0.842089
v -1.164281 0.906733 -0.864719
v -0.882454 0.002914 -0.560818
v -0.825699 0.175044 -0.675989
v -0.833975 0.152490 0.148236
v -0.904818 0.205323 0.189247
v -0.396886 -0.291198 0.663081
v -0.808375 0.005694 0.204737
v -0.330169 -0.149392 0.590595
v -0.874483 0.242378 0.277428
v -0.061282 0.332411 0.745047
v -1.396785 2.368153 -0.490403
v -1.557368 2.015407 0.611242
v -1.519648 2.154096 0.512432
v 1.008593 1.551268 -0.565515
v -1.523774 1.605830 0.710565
v -1.556594 1.693276 0.736942
v -1.617193 1.601887 0.688169
v -1.148411 -0.360548 0.221295
v -1.551296 1.574502 0.705760
v -1.564728 1.785594 0.739213
v -1.611684 1.734770 0.693517
v -0.400848 0.556330 -0.985405
v -1.412211 0.680659 0.380069
v -1.383986 0.571040 0.330535
v -1.261287 -0.330466 -0.454682
v -1.290989 -0.385867 -0.437115
v 1.142967 -0.234029 -0.581067
v 1.236690 -0.267269 -0.537766
v -1.402154 0.759377 0.419177
v -1.588757 1.493748 0.680317
v -1.622257 1.850471 0.653315
v -1.352479 0.863688 0.471218
v -1.086639 1.173199 -0.862502
v -1.132868 1.279725 -0.786845
v -1.010544 1.289630 -0.850576
v -1.469059 0.877282 0.354458
v -1.672869 1.550080 0.644054
v -1.530971 1.480080 0.689042
v -1.154295 2.542722 -1.766877
v -0.903107 -0.407896 0.613453
v -0.148301 1.159962 -1.011600
v -0.101416 1.079217 -1.023727
v -1.272703 -0.312144 -0.331539
v -1.224482 -0.254504 -0.397137
v -1.526189 1.758535 -0.554457
v -1.548248 1.904753 -0.482323
v -1.482679 1.841533 -0.547715
v -1.631305 1.989144 0.550472
v 0.873071 1.034389 -0.988669
v 0.968530 1.068997 -0.941808
v 0.949237 0.975138 -0.975984
v -1.136549 -0.423491 0.215644
v -0.841218 -0.021757 -0.193630
v -1.461299 1.955596 -0.539338
v -1.274063 -0.375598 -0.269488
v -1.260326 -0.315008 -0.282343
v -1.232921 -0.251130 -0.314871
v -1.660867 1.725500 0.636586
v -0.386642 0.104958 -0.725953
v -0.362707 -0.020452 -0.723909
v -1.124030 1.097582 -0.847950
v -1.156264 -0.404469 0.319807
v -1.441819 0.976499 0.375554
v -1.122741 -0.430619 0.316994
v -1.630813 0.841076 0.126253
v -1.616208 0.906336 0.172401
v -1.604698 1.030475 0.188228
v -1.209549 -0.336917 -0.220391
v -0.928144 2.454533 -0.421277
v -1.214448 -0.407944 -0.191500
v -1.556781 0.779374 0.227245
v -1.556477 1.168133 0.204682
v -1.162804 0.248934 -0.506007
v -1.367295 1.180466 0.393180
v -1.168595 -0.345405 -0.155681
v -1.547545 0.961448 0.268959
v -0.595797 2.570116 -0.676211
v -0.944108 0.793358 -0.952331
v -0.893613 0.691918 -0.959694
v -1.476303 1.046680 0.334530
v 0.448596 -0.422251 -0.863384
v -0.583091 0.998314 -0.983902
v 0.910697 1.642751 -0.515030
v -1.607746 2.192738 0.377605
v -1.096110 -0.399266 -0.059014
v -1.496042 0.653702 0.273221
v -1.507364 1.138294 0.272318
v -0.030056 3.152098 -0.900758
v -0.849564 -0.082077 -0.183374
v -1.606175 2.095637 0.494064
v -1.086592 -0.343860 -0.083942
v -1.491658 0.739733 0.317749
v -1.446953 1.244036 0.299785
v -1.401990 1.265693 0.363072
v 0.342658 1.251275 -0.978091
v 0.332789 1.341110 -0.954964
v 0.468522 1.290541 -0.934121
v -1.334146 1.992699 -0.597968
v -1.434106 2.059651 -0.548609
v -1.369639 2.105599 -0.576266
v -1.444046 0.545007 0.224685
v -0.335467 -0.402546 -1.192542
v -0.214854 -0.412783 -1.156457
v 0.258124 1.238949 -0.987236
v -1.728381 1.629868 0.587803
v -0.659374 1.080750 -0.963289
v -0.806687 2.606723 -0.392343
v -0.270226 0.633407 -1.281579
v -0.203438 0.562317 -1.323093
v -0.204329 0.444369 -1.293542
v -1.451829 1.710981 -0.588809
v 0.632784 -0.428530 -0.835710
v 0.555236 -0.428464 -0.914014
v -1.063900 1.411775 -0.768356
v -1.413992 1.411490 0.679611
v 0.451432 1.420568 -0.913338
v -1.668181 1.475344 0.615690
v -0.230420 0.664913 -1.317988
v 1.087595 -0.185547 -0.615865
v -1.078950 2.812437 -1.870375
v 0.792148 1.442421 -0.812302
v 0.917003 1.337746 -0.803955
v 0.800259 1.346537 -0.849296
v 0.212106 1.436534 -0.876690
v 0.118383 1.478925 -0.835023
v 0.251209 1.523201 -0.807983
v -1.129703 2.924736 -1.847603
v 0.282317 1.417229 -0.909139
v 0.224578 1.332411 -0.970601
v 0.194454 1.382900 -0.931404
v 0.577085 1.748504 -0.566947
v 0.628682 1.610271 -0.750054
v 0.558378 1.533571 -0.829506
v 0.512664 1.592346 -0.773575
v 1.651766 0.397793 -0.389645
v 0.580179 0.989468 -1.150971
v 0.976477 1.176977 -0.881910
v 1.081336 1.066127 -0.864244
v -1.235852 2.738260 -1.631343
v -0.994603 -0.228884 -0.627255
v -1.326856 2.958503 -1.692672
v -1.290543 2.909650 -1.684395
v -0.188528 0.185806 -1.189472
v -0.108753 0.030939 -1.174460
v -1.227858 2.516406 -1.593153
v -1.195085 2.527688 -1.705325
v -1.339679 2.815904 -1.545360
v -1.260115 2.608094 -1.496806
v -1.400677 2.853485 -1.552288
v -1.315111 2.733744 -1.481780
v -1.264663 2.464552 -1.424226
v -1.257771 2.407036 -1.509306
v -1.332084 2.629715 -1.329566
v -0.321847 -0.066293 -0.924227
v -1.413430 2.769761 -1.442050
v -1.446038 2.773103 -1.401093
v -1.300881 2.487303 -1.234628
v -1.412961 2.670042 -1.294725
v -1.316166 2.554691 -1.261364
v 0.512618 1.680754 -0.666840
v 0.711200 1.555607 -0.775194
v 0.680420 1.477065 -0.832680
v -1.004543 -0.184974 -0.567702
v -1.142081 -0.241853 -0.536159
v -1.275470 2.259254 -1.250115
v -1.312392 2.398911 -1.138167
v -0.279603 1.459854 -0.820227
v -0.382376 1.384445 -0.873592
v -0.285229 1.514866 -0.768637
v 0.997130 -0.428904 -0.215906
v 0.897897 -0.395620 -0.267694
v 0.907907 -0.425409 -0.341734
v 0.653531 -0.417299 -0.738005
v 0.688508 -0.428509 -0.613758
v 0.581820 -0.421842 -0.544624
v 0.052462 1.534851 -0.786890
v 0.114913 1.264558 -0.975592
v -0.214175 0.300330 -1.206691
v -0.273883 0.484659 -1.243814
v -0.318236 0.580502 -1.229914
v -0.324027 0.659813 -1.213985
v -1.434083 2.623876 -1.179270
v 1.222461 0.932663 -0.822851
v 1.147725 0.938388 -0.882534
v -0.264365 0.375008 -1.180954
v -0.323042 0.508675 -1.172829
v -0.139861 0.964024 -1.206384
v -0.241556 0.886374 -1.204590
v -0.312493 0.776840 -1.173144
v -1.365232 2.507400 -1.065532
v 0.575256 1.458765 -0.878877
v 0.654305 1.136330 -0.971452
v 0.555025 1.113745 -0.976139
v 0.574506 1.160314 -0.950522
v -0.302905 0.360272 -1.111872
v -0.370560 0.575449 -1.110226
v -0.356026 0.694707 -1.141260
v -1.435560 2.614965 -1.098786
v -0.258387 0.231555 -1.120235
v -0.371686 0.639687 -1.096188
v -1.332154 2.441757 -1.025596
v -0.273133 0.204445 -1.049796
v -0.356401 0.459274 -1.045179
v -1.425221 2.539981 -0.996918
v 0.392216 1.144113 -0.988884
v -0.237758 0.038980 -1.057386
v -0.320299 0.296939 -0.997750
v -0.628547 -0.380653 -1.042037
v -0.659421 -0.414261 -0.974757
v -0.583560 -0.375957 -1.112355
v -0.554351 -0.254204 -1.035862
v -0.486344 -0.231326 -1.101973
v -0.287011 0.133480 -0.966184
v -1.497167 1.305709 0.239422
v -0.664555 2.597705 -0.625200
v -0.732257 2.627594 -0.551674
v -1.374609 2.443016 -0.937732
v -0.309446 -0.334104 -1.179080
v 0.247458 -0.373025 -1.063621
v 0.483525 -0.336029 0.134340
v 0.531067 -0.319644 0.307394
v 0.346011 -0.335366 0.116343
v -1.371725 2.285602 -0.832515
v 0.723836 1.680547 -0.606050
v 0.628635 1.662830 -0.676458
v -0.646762 -0.314019 -0.967198
v -0.393511 -0.114467 -0.992723
v -0.389432 0.461424 -0.950340
v -0.402864 -0.177856 -1.106624
v -1.319237 2.237046 -0.912739
v -1.369076 2.318625 -0.903321
v -1.349783 2.382402 -0.881200
v -1.348423 2.350961 -0.891539
v 0.029816 3.062314 -1.037662
v -0.023492 2.954901 -0.996505
v -0.094054 2.985669 -0.937785
v -0.681222 -0.367008 -0.890096
v 0.059964 -0.404950 -1.085033
v -1.401943 2.436831 -0.880446
v -0.138197 3.065715 -0.847386
v -0.624210 -0.246269 -0.893516
v -0.301639 -0.008283 -0.882865
v -0.314251 0.106438 -0.885053
v -0.923807 -0.437700 -0.736005
v -1.412328 2.440303 -0.824741
v 1.090244 1.171792 -0.822289
v 1.156118 1.110369 -0.796223
v -0.245822 1.219302 -0.987242
v -1.341062 2.221519 -0.770778
v -0.651309 -0.235627 -0.804283
v -0.325527 0.063418 -0.804816
v 1.016142 1.480918 -0.641155
v 1.033114 1.409489 -0.695826
v 0.887676 1.468156 -0.755854
v -0.691748 -0.436046 0.457496
v -1.411601 0.501014 -0.586485
v -1.333584 0.521268 -0.680648
v -1.281565 0.444025 -0.637539
v -1.556922 1.359817 0.218650
v -1.360238 2.332533 -0.774493
v -0.693600 -0.319154 -0.801255
v -0.327707 -0.016836 -0.794148
v 0.510461 1.207449 -0.956548
v 0.163932 0.992704 -1.247098
v 0.054525 0.975783 -1.259798
v 1.071935 1.311563 -0.746679
v 1.001537 1.331507 -0.768848
v -1.386260 2.365746 -0.738997
v -1.309485 0.643956 -0.782064
v -1.396528 0.712429 -0.727246
v -1.325473 0.747325 -0.813593
v -0.385118 -0.425636 0.626859
v 0.004217 1.006726 -1.207053
v -0.359707 2.931435 -0.701580
v 0.681545 1.747446 -0.519556
v 0.501131 -0.338404 -0.561884
v 0.462521 -0.407370 -0.419305
v 0.388981 -0.359478 -0.361293
v -1.384923 2.243196 -0.647777
v -1.415164 0.827575 -0.731420
v -1.468450 0.926154 -0.676760
v -1.374749 0.903034 -0.776078
v -1.438162 1.000597 -0.703449
v -0.253371 1.376287 -0.871919
v -1.395285 2.366068 -0.649433
v -1.460948 0.741844 -0.663784
v -1.500589 1.043024 -0.615524
v -1.370436 2.300393 -0.648955
v 0.102418 1.350244 -0.922886
v -1.484484 0.834788 -0.640006
v -0.205290 1.651699 -0.551061
v -0.361441 1.649924 -0.584728
v -0.093679 -0.410826 -1.129352
v -0.176995 -0.348427 -1.156507
v 0.788326 0.801033 -1.136363
v 0.715021 0.910038 -1.142355
v 0.800587 0.885619 -1.092440
v 0.014063 -0.294708 -1.118556
v -1.536410 0.953522 -0.600572
v 0.778387 1.580421 -0.714772
v -1.341742 2.142096 -0.607216
v 0.855208 0.926100 -1.039451
v 0.939531 0.802696 -1.041928
v 1.552135 0.368920 -0.423653
v -0.148934 -0.327271 -0.732811
v 0.218155 0.864113 -1.313696
v -1.400255 2.318063 -0.568092
v -0.104979 1.369928 -0.911697
v -0.230913 1.290729 -0.949920
v -1.450680 0.643360 -0.624125
v -1.544146 0.863928 -0.589209
v -0.049701 -0.331207 -0.579301
v -0.004316 1.463821 -0.852059
v -0.145253 1.468583 -0.813827
v -0.021500 1.573785 -0.707710
v 0.582758 1.395504 -0.908048
v -0.897152 0.101552 -0.545545
v -0.859457 0.172647 -0.644183
v -1.347884 0.416163 -0.516329
v -1.532495 0.721803 -0.561084
v 0.010171 1.377465 -0.909040
v -1.406186 2.201693 -0.540864
v -0.925846 -0.070793 -0.505212
v -1.480921 0.561434 -0.530860
v -1.522602 0.661318 -0.515827
v -1.583811 0.874488 -0.527102
v -1.565104 1.057268 -0.530955
v -1.489899 1.326673 -0.497868
v -1.374843 1.369548 -0.597003
v -0.963776 -0.116442 -0.464938
v 0.242113 1.637506 -0.712786
v -1.162171 0.352399 -0.623249
v -1.280557 0.336606 -0.480776
v -1.540301 1.172086 -0.529812
v -1.495690 1.391574 -0.470363
v -1.425807 2.272838 -0.496489
v -0.790418 2.603799 -0.495844
v -1.074566 -0.167674 -0.459249
v -0.867779 -0.112051 -0.608618
v -0.939771 0.160540 -0.491486
v -0.908264 0.218057 -0.600318
v -1.445405 0.493181 -0.481534
v -1.585616 0.729525 -0.460379
v -1.599002 1.021755 -0.470218
v -1.485422 2.117567 -0.475809
v -1.618740 0.802416 -0.436073
v -1.602870 0.914320 -0.457171
v 0.124736 1.632087 -0.674128
v -0.302483 -0.442982 -0.129513
v -0.859246 2.439050 -0.493906
v -1.215222 -0.263126 -0.467352
v -1.170048 -0.203553 -0.434175
v -1.637143 1.569993 -0.451440
v -1.656483 1.693897 -0.432146
v -1.599447 1.686570 -0.509799
v -1.618459 1.757999 -0.479581
v 1.014102 0.872435 -0.988874
v 1.082930 0.907964 -0.933724
v -1.468965 2.289956 -0.423416
v -1.515804 0.545547 -0.419711
v 1.134129 1.297545 -0.710176
v -0.892464 2.526580 -0.402164
v -1.464113 0.469220 -0.390726
v 1.025660 0.754249 -1.001011
v 0.584868 0.923818 -1.197804
v 0.682928 0.837498 -1.180606
v 1.123697 1.397646 -0.641499
v 0.196587 1.703866 -0.628127
v -0.051858 1.606227 -0.670654
v 0.919394 1.527004 -0.682643
v 1.407470 0.190987 -0.546852
v 0.839361 1.614148 -0.626729
v 0.729134 0.974496 -1.074859
v 1.449057 0.399651 -0.440753
v 0.791585 -0.429723 -0.420308
v 0.767205 -0.386906 -0.387661
v 0.736518 -0.399541 -0.382556
v 0.497427 -0.317928 -0.662117
v 0.375408 -0.329969 -0.416578
v 0.827733 1.261530 -0.867060
v 0.853802 1.209013 -0.905370
v 0.815262 1.173264 -0.956374
v -0.084302 1.653084 -0.589609
v -0.433246 1.590373 -0.696445
v -0.438872 1.647439 -0.640654
v 1.480939 0.280083 -0.493117
v 0.291694 -0.324052 0.387774
v 0.356419 1.400015 -0.910449
v 1.486284 0.400314 -0.392308
v 1.489496 0.155796 -0.578249
v -0.419134 -0.441199 0.058983
v 0.027285 1.698836 -0.531110
v -1.045310 2.287941 -0.475842
v -1.024680 2.352067 -0.413322
v -0.405279 -0.446183 -0.182706
v -0.466746 -0.448302 -0.367174
v -0.986070 2.221427 -0.482808
v -0.968043 2.313255 -0.452714
v -0.188059 -0.255117 -1.156474
v -0.242822 1.596542 -0.658264
v 0.123634 1.713482 -0.567276
v 1.338525 -0.163542 -0.576675
v -0.928050 2.120251 -0.492395
v -0.908991 1.994834 -0.536912
v -0.925799 1.907282 -0.574662
v -0.766389 1.346934 -0.884106
v -0.713948 1.386883 -0.859586
v -0.660757 1.314889 -0.891382
v 0.400773 -0.406567 -0.280126
v -1.001543 1.590281 -0.666882
v -0.867005 1.908221 -0.536317
v -0.380219 1.543991 -0.727241
v 0.701448 1.226519 -0.918803
v -0.848298 1.682489 -0.618005
v -0.818385 1.618458 -0.699772
v -0.894902 1.480901 -0.791834
v -1.009326 1.523933 -0.714100
v 0.096675 -0.343225 -1.091707
v 0.466506 0.881664 -1.244908
v -0.813931 1.796895 -0.540789
v -0.782729 1.747093 -0.557846
v -0.917548 1.779055 -0.589841
v -0.740274 1.807923 -0.475089
v -0.761959 1.532557 -0.785420
v -0.718895 1.695856 -0.642700
v -0.740321 1.460900 -0.823073
v -0.711252 1.596776 -0.747304
v -0.648871 1.632483 -0.717660
v -0.681128 1.748871 -0.559369
v -0.639823 1.533409 -0.793005
v -0.580067 1.676670 -0.669966
v -0.587358 1.440318 -0.828531
v -0.569143 1.714640 -0.609883
v -1.369522 1.282849 0.419359
v 0.497216 1.336545 -0.924078
v -0.535620 1.541517 -0.768232
v 0.673997 -0.400438 0.573134
v -0.526032 1.617880 -0.717879
v -0.488125 1.689070 -0.617424
v 1.580266 0.128017 -0.574964
v -0.459549 -0.414038 0.000501
v 0.641107 1.330549 -0.907021
v -0.464495 1.487302 -0.804104
v -0.468832 1.384309 -0.877462
v 0.963724 0.653663 -1.056238
v -0.504418 -0.412407 0.095498
v -1.397700 1.437685 -0.557287
v -1.254488 1.289385 -0.720578
v -1.321839 1.584021 -0.631940
v -1.373554 1.512696 -0.601786
v -1.356605 1.739569 -0.633110
v -1.394511 1.824041 -0.606961
v 1.523277 0.007412 -0.588517
v -0.818643 1.258992 -0.903246
v -0.884634 1.360877 -0.864413
v 1.450557 0.015971 -0.616606
v 1.447229 0.075065 -0.608849
v 1.431803 -0.057508 -0.609410
v -0.716246 0.470277 -0.839655
v 0.931702 0.144055 -1.076302
v -1.184114 0.648606 -0.861198
v -0.643503 2.458460 -0.638674
v -0.976107 1.092197 -0.904360
v -1.223802 0.463492 -0.718467
v -1.101549 0.483489 -0.821379
v -1.103612 0.413865 -0.750268
v -0.772156 2.410507 -0.557730
v -1.237164 0.542721 -0.785510
v 1.272815 -0.123314 -0.613154
v -0.948093 1.216259 -0.886353
v -0.876968 1.071090 -0.956268
v -0.957119 1.014297 -0.938064
v 1.314379 -0.021327 -0.625500
v -0.951446 0.505297 -0.872360
v -1.098595 -0.446891 -0.594499
v -1.283299 1.928510 -0.624361
v -1.059094 0.795939 -0.907071
v -0.887564 1.165872 -0.919172
v -0.871412 0.918002 -0.974125
v -0.957916 0.902731 -0.947369
v -0.628898 0.591235 -0.906490
v -0.857769 0.282869 -0.683169
v 1.196299 -0.091251 -0.619382
v -1.088491 0.685921 -0.902452
v -0.739407 0.624763 -0.918911
v -0.673275 1.233956 -0.931411
v -0.779330 0.700876 -0.959855
v -0.661999 2.392604 -0.607299
v -0.643737 0.693282 -0.939045
v -1.088866 0.304011 -0.626946
v -0.739594 0.087235 -0.706802
v -0.685606 0.171286 -0.750571
v -0.727826 0.287668 -0.769968
v -0.647113 0.239259 -0.779058
v -0.574136 -0.454497 0.157155
v -1.006887 0.640640 -0.914009
v -0.648778 0.817087 -0.970018
v -0.631782 0.490289 -0.880814
v 0.721187 -0.305117 -0.999854
v 0.327444 0.815984 -1.312209
v -1.130078 0.548232 -0.853684
v 0.943235 0.345499 -1.080256
v 0.926169 0.477190 -1.092602
v -0.785495 1.133105 -0.959984
v 0.883503 -0.023732 -1.052320
v -0.664813 0.397626 -0.836458
v 0.860553 0.625717 -1.110395
v 0.876189 0.048692 -1.103231
v 0.865593 0.228187 -1.105135
v 0.867914 0.344388 -1.128520
v 0.824287 0.418111 -1.152124
v 0.776511 0.503027 -1.159026
v 0.775527 -0.027479 -1.087608
v 0.762211 0.175989 -1.137580
v 0.802814 0.075925 -1.130460
v -0.086647 0.806342 -1.344879
v 0.748357 0.288322 -1.164440
v 0.772104 0.569319 -1.154830
v -1.674370 1.419905 0.110439
v 0.735346 -0.159043 -1.049729
v 0.695259 0.730722 -1.179976
v 0.374962 -0.390929 -0.170101
v 0.321372 -0.344549 -0.167087
v 0.721562 -0.086946 -1.091994
v 0.659087 0.056046 -1.165495
v 0.679318 0.529420 -1.197027
v 0.676903 0.358644 -1.187996
v 0.695751 0.413982 -1.202539
v 0.658736 0.647499 -1.210118
v 0.657376 -0.192213 -1.055309
v 0.599496 -0.171248 -1.060959
v 0.645936 -0.071848 -1.119925
v 0.649734 0.124071 -1.169904
v 0.586790 0.230194 -1.195230
v 0.636348 0.255582 -1.195006
v 0.529473 -0.254015 -1.035976
v 0.555400 0.308419 -1.227635
v 0.510953 -0.321069 -1.039315
v 0.535216 0.374832 -1.230682
v 0.560323 0.434714 -1.248494
v 0.613116 0.516950 -1.244412
v 0.579898 0.773867 -1.227623
v 0.563910 0.841295 -1.229460
v 0.547336 -0.031146 -1.151451
v 0.534513 0.143016 -1.190961
v 0.586204 0.637394 -1.250227
v 0.568200 0.063866 -1.183982
v 0.521010 0.504703 -1.271632
v 0.524034 0.604608 -1.266961
v 0.510766 -0.153067 -1.098461
v 0.495458 -0.097958 -1.150167
v 0.485588 0.192128 -1.227274
v 0.451479 0.760974 -1.274920
v 0.425763 0.426641 -1.270593
v 0.438164 -0.044657 -1.180656
v 0.421894 0.013619 -1.183555
v 0.458207 0.075643 -1.201947
v 0.402648 -0.210130 -1.060192
v 0.403094 0.626465 -1.298834
v 0.385418 -0.162936 -1.110761
v 0.380260 0.169808 -1.248205
v 0.387692 0.288937 -1.273098
v 0.300344 -0.327007 -1.068536
v 0.368070 -0.104893 -1.171431
v 0.355177 0.508826 -1.302875
v 0.397983 0.720556 -1.311614
v 0.304658 0.337344 -1.281334
v 0.221694 -0.254536 -1.079239
v 0.322474 -0.009501 -1.205997
v 0.304611 0.717311 -1.337119
v 0.285318 0.080476 -1.237190
v 0.282739 0.611129 -1.338779
v 0.269095 0.405562 -1.305340
v 0.217897 -0.208779 -1.083993
v 0.201815 -0.122793 -1.170569
v 0.264172 0.188137 -1.279258
v 0.234916 0.529828 -1.333939
v -0.062876 -0.337555 -0.876619
v 0.214568 -0.167971 -1.137392
v 0.216232 -0.057043 -1.197562
v 0.208121 0.276285 -1.305130
v 0.187046 0.073958 -1.256361
v 0.159407 0.031757 -1.251043
v 0.192274 0.170545 -1.273422
v 0.206410 0.636439 -1.348473
v 0.160931 0.370210 -1.319506
v 0.173520 0.480084 -1.344852
v 0.062636 0.596821 -1.362744
v 0.145342 0.715735 -1.361124
v 0.085563 -0.009348 -1.224399
v 0.119227 0.168158 -1.292960
v 0.097706 0.400959 -1.351916
v -0.215136 -0.355465 -0.104917
v 0.056775 -0.388553 -0.895379
v 0.087040 2.972913 -1.087838
v 0.000982 -0.213010 -1.119803
v 0.038818 -0.170610 -1.124228
v 0.068848 0.256305 -1.329218
v -0.318377 -0.350191 0.286329
v 0.032465 0.518366 -1.372542
v 0.036240 0.679668 -1.377926
v -1.164492 -0.440069 -0.618883
v 0.005155 -0.095787 -1.166924
v 0.013875 0.212411 -1.307839
v 1.319513 -0.281263 0.113459
v -0.013412 0.432090 -1.363853
v 0.629034 -0.392077 -0.367451
v 0.501013 -0.435114 -0.357549
v 0.631847 -0.433338 -0.433931
v -0.044497 0.140261 -1.261707
v -0.007856 0.329806 -1.346776
v -0.025743 0.730666 -1.373138
v -0.088124 2.871871 -0.945033
v -1.064017 -0.431664 0.076952
v -1.099369 -0.420419 0.095062
v -0.066134 0.584220 -1.375878
v -0.089014 -0.132777 -1.125432
v -0.105659 0.350174 -1.320221
v -1.225607 -0.430116 -0.244408
v -0.132032 0.482722 -1.354476
v -0.135876 0.571660 -1.360643
v -0.135454 0.691611 -1.357673
v -1.478413 1.412458 0.644152
v -0.991814 0.236346 0.209779
v 0.743762 -0.435070 0.032057
v 0.770158 -0.429905 0.392988
v 0.717366 -0.428618 0.267482
v 0.607935 -0.428858 0.376121
v 0.694556 -0.424060 0.525201
v 0.021869 -0.432951 0.550027
v 0.485143 -0.409754 0.605199
v 0.523260 -0.441215 -0.259350
v 0.481814 -0.439008 -0.198481
v -0.014701 -0.433605 0.680839
v -0.263826 -0.428759 0.711008
v 0.929662 -0.382089 -0.145717
v 0.912010 -0.401621 -0.047769
v 0.818005 -0.430030 0.042628
v 1.460005 -0.273799 -0.096717
v 0.374939 -0.373283 -0.075217
v 0.447892 -0.390754 0.022969
v 0.382276 -0.347457 0.005896
v 0.475719 -0.429261 -0.032174
v 0.429490 -0.424334 -0.107483
v 1.375260 -0.290435 0.014282
v -0.209087 -0.436518 0.545032
v 0.185147 -0.341124 -0.107866
v 0.352973 -0.388640 -0.847037
v 0.968999 -0.424692 -0.058160
v 0.644459 -0.376513 0.249238
v 0.217381 -0.429558 0.639561
v 0.341744 -0.431846 0.595196
v 0.878745 -0.419582 0.182921
v 0.719288 -0.436095 0.028081
v -1.097306 -0.427384 0.449688
v 0.559315 -0.337408 -0.711190
v 1.107967 -0.418383 -0.243383
v 0.335086 -0.321425 -0.537813
v 0.186906 -0.321327 -0.648143
v 0.618531 -0.363605 0.321574
v 0.604513 -0.428274 0.089916
v -1.466012 1.312956 0.349218
v -1.590023 1.380693 0.263311
v -0.938411 0.114159 -0.262233
v 0.793367 -0.412926 0.493934
v 0.523612 -0.432834 0.544800
v 0.553783 -0.413740 -0.320360
v -1.677909 1.439961 0.217897
v 1.166808 -0.397903 -0.308987
v 1.070224 -0.418759 -0.098452
v 0.619024 -0.379457 0.194314
v 0.960981 -0.401908 0.120302
v -1.697695 1.423645 0.320812
v -0.611176 -0.400010 -0.019356
v -1.707799 1.417212 0.435018
v 0.584305 -0.372046 -0.631850
v -1.599752 1.363340 0.352590
v 0.780028 -0.427552 -0.543645
v 0.737479 -0.422353 -0.813870
v -1.649637 1.374052 0.420935
v 0.381292 -0.313642 -0.715935
v -1.639956 1.388213 0.536121
v 0.350043 -0.330455 -0.804735
v -1.111348 -0.430694 -0.110546
v -1.697250 1.446517 0.553855
v -1.578700 1.349170 0.475555
v 0.214591 -0.321012 0.449451
v 1.192759 -0.385997 -0.092151
v 0.360147 -0.430911 -0.927340
v -1.488399 1.323624 0.438216
v -1.532167 1.367371 0.586764
v -1.569183 1.419531 0.641199
v 0.569888 -0.330239 0.219991
v 0.513063 -0.372963 0.107023
v -1.431082 1.327237 0.546298
v 1.108178 -0.391796 -0.007711
v -0.138689 -0.329180 0.429226
v -1.372499 0.357024 -0.038779
v -1.222185 0.242148 -0.381255
v -1.398028 0.443397 0.156667
v -1.259083 0.232933 -0.258904
v -1.298654 0.270129 -0.181294
v -1.298397 0.269546 -0.108225
v -1.354073 1.364690 0.645011
v 0.564144 -0.417667 0.096130
v -1.301350 0.283841 -0.023890
v -1.273360 0.327961 0.121239
v -1.329294 0.387314 0.176053
v -1.280721 1.354260 0.613314
v -1.103588 0.185144 -0.366594
v -1.198859 0.193445 -0.218218
v -1.240634 0.243907 -0.000653
v -1.335272 0.452832 0.274603
v -0.975169 0.152439 -0.405013
v -1.211096 -0.444808 -0.478959
v -1.198086 0.194842 -0.105758
v -1.027681 0.145394 -0.276678
v -1.105487 0.155011 -0.160028
v -1.154060 0.188984 -0.041434
v -1.224927 0.366010 0.266357
v -1.111700 -0.450728 -0.408235
v -1.158890 0.215293 0.040413
v -1.253152 0.430351 0.332093
v -1.263608 0.485673 0.381484
v -1.170423 -0.444593 -0.269711
v -1.163437 0.283229 0.175335
v 0.597972 -0.424207 -0.048869
v -0.903974 -0.446405 -0.688271
v -0.965839 -0.450779 -0.479484
v -1.025501 0.138680 -0.078730
v -1.141120 0.399169 0.370546
v -1.040223 -0.443157 -0.078055
v -0.965300 0.115445 -0.151932
v -1.050749 0.170993 0.013373
v -1.077473 0.228545 0.136035
v -1.084482 0.302945 0.281922
v -0.828137 -0.449457 -0.516861
v -0.944202 -0.451516 -0.145242
v -0.956978 0.315058 0.357624
v -1.011904 0.420508 0.443534
v -0.706048 -0.443067 -0.774503
v -0.629719 -0.439240 -0.988010
v -0.517569 -0.439760 -1.027826
v -0.648285 -0.443670 -0.768017
v -0.839413 -0.452366 -0.146496
v -1.045896 -0.440230 0.273234
v -0.679277 -0.447214 -0.495308
v -0.695217 -0.451055 -0.390820
v -0.858355 -0.459422 -0.102960
v -0.898723 -0.443654 0.151064
v -0.862246 0.331225 0.402058
v -0.555312 -0.434344 -0.755466
v -0.795810 -0.449086 -0.286042
v -0.662773 -0.447222 -0.323599
v -0.696249 -0.404470 -0.284341
v -0.949078 -0.439828 0.375998
v -1.028173 -0.435279 0.510374
v -0.417164 -0.435650 -0.954998
v -0.559508 -0.441044 -0.518342
v -0.458705 -0.394133 -0.825495
v -0.521976 -0.384990 -0.645598
v -0.791731 0.348402 0.413120
v -0.332560 -0.394876 -0.923879
v -0.375155 -0.349328 -0.851855
v -0.484398 -0.330032 -0.644110
v -0.232366 -0.433650 -0.974806
v -0.511474 -0.387110 -0.220573
v -0.690787 -0.437455 0.241152
v -0.807461 -0.438119 0.337782
v -0.203274 -0.387171 -0.928488
v -0.312985 -0.325074 -0.802131
v -0.369435 -0.339738 -0.485214
v -0.244908 -0.329589 -0.876254
v -0.497807 -0.442404 -0.273808
v -0.882290 0.102791 -0.068615
s off
f 1258 1767 1524
f 2339 2326 231
f 1661 1329 827
f 2085 1372 613
f 1259 2085 613
f 1615 1329 1661
f 1329 1615 1245
f 1610 76 1767
f 1610 1609 1563
f 1258 437 1767
f 437 1610 1767
f 1375 105 191
f 1372 1405 613
f 772 357 844
f 1646 1281 827
f 1281 1646 1631
f 1281 1265 827
f 1265 816 573
f 999 772 844
f 1765 1758 1352
f 1654 1646 827
f 1646 1654 1631
f 2023 1259 231
f 2023 2085 1259
f 1329 1246 827
f 1246 1329 1245
f 612 1246 1245
f 1260 612 1245
f 1615 1260 1245
f 1260 1615 1259
f 1260 1259 613
f 612 1260 613
f 1845 795 1765
f 1349 1765 1352
f 1845 1684 795
f 1684 1845 1765
f 1349 1684 1765
f 1684 1349 1352
f 1685 105 1375
f 2048 76 1610
f 76 2048 74
f 1869 1609 1610
f 437 1869 1610
f 1848 437 1258
f 1259 1848 231
f 1848 1258 231
f 251 1383 1394
f 242 251 243
f 251 910 243
f 2300 2276 231
f 2300 2290 2276
f 2326 2320 231
f 2304 2320 2326
f 2320 2304 2290
f 2300 2320 2290
f 2320 2300 231
f 98 691 1563
f 691 1610 1563
f 1610 691 851
f 110 1265 573
f 1514 1337 851
f 239 341 252
f 612 239 252
f 1415 994 613
f 1405 1415 613
f 166 816 844
f 357 166 844
f 166 357 816
f 357 267 195
f 267 357 772
f 816 1168 844
f 1168 1265 844
f 1265 1168 816
f 1265 1282 844
f 1282 1265 1281
f 1282 999 844
f 999 1282 1281
f 152 1661 827
f 1609 153 1563
f 110 153 1265
f 152 153 1609
f 153 152 1265
f 153 98 1563
f 153 110 98
f 1109 999 1281
f 203 100 561
f 220 357 195
f 1758 147 1352
f 150 203 561
f 1180 612 252
f 2276 2269 231
f 2269 2243 2236
f 2243 2269 2276
f 322 145 191
f 105 104 191
f 104 322 191
f 1685 104 105
f 795 793 1765
f 793 1833 1765
f 1377 1337 1776
f 1759 1377 1776
f 1377 1759 1833
f 2330 2203 1524
f 76 2330 1767
f 2330 76 74
f 1174 1384 1305
f 910 1384 1174
f 1384 251 1394
f 1384 910 251
f 577 1287 1790
f 1287 1684 1790
f 1684 1287 795
f 1754 577 74
f 2449 2453 2477
f 1792 577 1790
f 2453 1792 2485
f 2048 2074 74
f 2074 1754 74
f 1855 1869 437
f 1848 1855 437
f 1615 1855 1259
f 1855 1848 1259
f 880 2188 1511
f 625 1511 1372
f 625 880 1511
f 2023 2173 2085
f 625 2173 880
f 2085 2173 1372
f 2173 625 1372
f 2311 2304 2326
f 2304 2311 2283
f 2260 1394 2236
f 2260 2279 1394
f 2279 1530 1394
f 2311 1830 2283
f 1830 1530 2279
f 1830 2311 2326
f 1394 1516 2236
f 1516 1383 2236
f 1383 1516 1394
f 1383 1509 2236
f 1509 1383 251
f 342 242 243
f 254 342 272
f 342 254 242
f 242 241 251
f 1509 241 2236
f 241 1509 251
f 241 1511 2236
f 241 254 1511
f 254 241 242
f 270 269 268
f 270 910 1174
f 270 1174 1305
f 269 270 1305
f 2279 2253 2283
f 2253 2304 2283
f 2243 2253 2236
f 2304 2253 2290
f 2253 2260 2236
f 2260 2253 2279
f 2290 2253 2276
f 2253 2243 2276
f 239 765 341
f 1389 1405 1372
f 964 954 1194
f 954 964 958
f 1265 1816 827
f 1816 152 827
f 152 1816 1265
f 1869 1662 1609
f 1662 152 1609
f 1855 1662 1869
f 152 1662 1661
f 1662 1615 1661
f 1662 1855 1615
f 1109 1151 999
f 1151 1109 1281
f 357 1248 816
f 220 1248 357
f 816 574 573
f 1812 1335 1514
f 1337 1335 1776
f 1514 1335 1337
f 96 1812 1514
f 96 1514 851
f 691 96 851
f 96 691 98
f 110 97 98
f 97 96 98
f 96 97 1812
f 147 1744 149
f 147 1094 1352
f 201 722 1239
f 1094 201 1239
f 1335 1818 1776
f 1818 1335 1812
f 163 220 195
f 150 182 203
f 151 150 149
f 151 182 150
f 1638 1246 612
f 1638 1654 827
f 1246 1638 827
f 2239 2023 231
f 2239 2269 2236
f 850 104 1685
f 850 1610 851
f 850 1685 1610
f 603 850 851
f 850 603 322
f 104 850 322
f 794 793 795
f 794 145 322
f 1759 1748 1833
f 1744 1748 149
f 1833 1748 1765
f 1818 1740 1776
f 793 1376 1833
f 1376 1377 1833
f 1377 1376 1337
f 1337 1376 851
f 1376 603 851
f 603 1376 322
f 1376 794 322
f 794 1376 793
f 2457 2456 2203
f 2457 2449 2477
f 2449 2457 2203
f 1552 2457 2477
f 2457 1552 2456
f 1767 1523 1524
f 1523 2330 1524
f 2330 1523 1767
f 30 1287 577
f 2474 2485 2477
f 2453 2474 2477
f 2474 2453 2485
f 1792 2383 2485
f 2485 2383 1352
f 2383 1684 1352
f 1684 2383 1790
f 2383 1792 1790
f 577 579 74
f 1792 579 577
f 2054 2048 1610
f 2074 2054 1610
f 2054 2074 2048
f 1685 223 1610
f 223 2074 1610
f 223 1685 1375
f 223 1375 191
f 1754 223 330
f 2074 223 1754
f 1511 1365 2236
f 1365 2188 2236
f 2188 1365 1511
f 2292 2279 2283
f 1830 2292 2283
f 2292 1830 2279
f 1830 1554 1530
f 2203 1554 1524
f 1552 1554 2456
f 2456 1554 2203
f 2339 1528 2326
f 1528 1830 2326
f 1528 2339 231
f 1258 1528 231
f 1528 1258 1524
f 1554 1528 1524
f 1528 1554 1830
f 1140 2485 1352
f 989 1094 1239
f 765 769 994
f 769 765 239
f 769 239 612
f 994 769 613
f 769 612 613
f 341 340 339
f 765 340 341
f 184 1415 1405
f 1415 184 994
f 184 765 994
f 1511 764 1372
f 764 1389 1372
f 1389 764 1405
f 184 764 765
f 1135 1162 1194
f 954 1135 1194
f 1135 954 1162
f 1162 1044 1194
f 1044 952 1194
f 954 956 1162
f 1180 1257 548
f 341 1257 252
f 1257 1180 252
f 1257 410 548
f 1028 1000 1030
f 35 1028 1030
f 1028 35 1000
f 964 1023 958
f 952 1190 1194
f 1190 1179 1194
f 1179 1190 952
f 1220 1179 1000
f 1220 964 1194
f 1179 1220 1194
f 1220 35 964
f 35 1220 1000
f 1179 940 1000
f 940 1151 1000
f 1000 1150 1030
f 1151 1150 1000
f 1150 410 1030
f 1645 1281 1631
f 1151 1645 1631
f 1645 1151 1281
f 1151 919 999
f 228 100 203
f 228 349 100
f 182 228 203
f 228 182 195
f 349 228 999
f 267 228 195
f 999 228 772
f 228 267 772
f 574 156 573
f 156 110 573
f 97 156 155
f 156 97 110
f 219 163 155
f 163 219 220
f 156 219 155
f 219 156 574
f 1745 1744 147
f 1745 1758 1765
f 1745 147 1758
f 1748 1745 1765
f 1745 1748 1744
f 148 1094 147
f 148 201 1094
f 148 147 149
f 150 148 149
f 201 148 722
f 289 148 150
f 148 289 722
f 163 1741 155
f 1741 163 164
f 1741 1818 1812
f 1740 1741 164
f 1741 1740 1818
f 1741 97 155
f 97 1741 1812
f 163 162 164
f 162 151 164
f 151 162 182
f 162 163 195
f 182 162 195
f 1180 1640 612
f 1640 1638 612
f 549 1180 548
f 549 1640 1180
f 1640 549 1638
f 2231 2173 2023
f 2239 2231 2023
f 2173 2231 880
f 2269 2274 231
f 2274 2239 231
f 2239 2274 2269
f 2230 2188 880
f 151 1721 164
f 1721 1740 164
f 1721 151 149
f 1748 1721 149
f 1721 1748 1759
f 1721 1759 1776
f 1740 1721 1776
f 1262 1554 1552
f 1554 1262 1469
f 1469 2360 1840
f 1262 2360 1469
f 2360 1552 2477
f 2360 1262 1552
f 1471 1384 1394
f 1471 1554 1469
f 32 223 191
f 223 32 330
f 32 30 577
f 32 1754 330
f 1754 32 577
f 2443 1792 2453
f 2443 579 1792
f 579 2443 74
f 2443 2453 2449
f 2443 2330 74
f 2330 2443 2203
f 2443 2449 2203
f 1530 1470 1394
f 1554 1470 1530
f 1470 1471 1394
f 1471 1470 1554
f 342 524 272
f 270 523 910
f 524 523 525
f 523 524 342
f 910 523 243
f 523 342 243
f 269 2367 268
f 1465 2393 2416
f 2393 1465 2354
f 2393 507 2416
f 507 2393 2373
f 2367 507 2373
f 2223 2360 2477
f 2357 2393 2354
f 2357 2165 2393
f 2165 2357 990
f 2362 2363 990
f 2363 989 990
f 1140 2363 2485
f 2363 1140 1352
f 989 2363 1352
f 1094 1768 1352
f 1768 989 1352
f 989 1768 1094
f 254 271 1511
f 271 764 1511
f 271 254 272
f 1404 184 1405
f 764 1404 1405
f 1404 764 184
f 435 352 561
f 352 150 561
f 352 289 150
f 289 352 722
f 352 483 722
f 352 435 483
f 572 402 970
f 1541 1551 1250
f 965 402 958
f 965 1063 402
f 1063 401 402
f 487 341 339
f 487 1257 341
f 1029 35 1030
f 410 1029 1030
f 1029 410 35
f 33 1257 35
f 410 33 35
f 33 410 1257
f 410 408 548
f 408 549 548
f 549 408 1638
f 1654 408 1631
f 1638 408 1654
f 1007 965 958
f 940 942 951
f 942 940 1179
f 942 952 951
f 942 1179 952
f 1151 1001 951
f 1001 940 951
f 940 1001 1151
f 1150 409 410
f 408 409 1631
f 409 408 410
f 409 1151 1631
f 409 1150 1151
f 1623 1248 220
f 219 1623 220
f 1248 1623 816
f 1623 574 816
f 1623 219 574
f 2231 2238 880
f 2238 2230 880
f 2238 2231 2239
f 2238 2239 2236
f 2188 2238 2236
f 2230 2238 2188
f 1841 1469 1840
f 1471 1841 1840
f 1841 1471 1469
f 2407 1471 1840
f 1471 2407 1384
f 2223 2382 2360
f 2407 2385 1384
f 145 31 191
f 31 32 191
f 794 31 145
f 1287 31 795
f 31 794 795
f 30 31 1287
f 32 31 30
f 1221 524 525
f 1037 1222 339
f 524 1037 272
f 1037 1221 1222
f 1221 1037 524
f 643 270 268
f 643 523 270
f 523 643 525
f 1541 643 268
f 2165 1463 2393
f 401 1463 402
f 1463 401 1063
f 402 1463 970
f 2394 2223 2362
f 2394 2357 2354
f 2382 2394 2354
f 2394 2382 2223
f 2363 1141 2485
f 1141 2363 2362
f 2223 1141 2362
f 2485 1141 2477
f 1141 2223 2477
f 722 988 1239
f 988 989 1239
f 989 988 990
f 483 296 722
f 296 988 722
f 700 271 272
f 700 1037 339
f 1037 700 272
f 271 700 764
f 956 1057 1162
f 1057 956 957
f 435 1057 957
f 1057 1044 1162
f 1044 1057 952
f 1057 1061 952
f 1061 526 952
f 952 526 951
f 526 349 999
f 526 1151 951
f 526 919 1151
f 919 526 999
f 1097 572 970
f 572 1097 956
f 847 572 956
f 847 954 958
f 847 956 954
f 402 847 958
f 572 847 402
f 1020 1541 268
f 1020 1551 1541
f 2367 1020 268
f 1020 2367 2373
f 2393 1020 2373
f 1257 488 35
f 487 488 1257
f 1023 1024 958
f 1024 1007 958
f 965 1008 1063
f 1007 1008 965
f 1551 1008 1250
f 1008 1007 1250
f 507 508 2416
f 508 2385 2416
f 508 2367 269
f 508 507 2367
f 508 269 1305
f 2385 2398 2416
f 2398 1465 2416
f 1465 2398 2354
f 1898 2382 2354
f 2398 1898 2354
f 1898 2398 2385
f 2382 1898 2360
f 1898 2385 2407
f 1898 2407 1840
f 2360 1898 1840
f 1251 1221 1250
f 1221 1251 1222
f 1007 1251 1250
f 1255 1541 1250
f 1221 1255 1250
f 1255 1221 525
f 1255 643 1541
f 643 1255 525
f 1463 986 970
f 986 1097 970
f 1097 986 956
f 2357 948 990
f 2394 948 2357
f 948 2362 990
f 950 2165 990
f 988 950 990
f 950 988 2165
f 988 335 2165
f 335 1463 2165
f 335 986 1463
f 379 296 483
f 379 435 957
f 435 379 483
f 986 947 956
f 700 699 764
f 699 340 765
f 764 699 765
f 340 699 339
f 699 700 339
f 1061 937 435
f 937 1057 435
f 1057 937 1061
f 292 526 1061
f 349 292 100
f 526 292 349
f 100 292 561
f 292 1061 435
f 292 435 561
f 488 567 35
f 35 567 964
f 567 1023 964
f 1020 1019 1551
f 1019 1008 1551
f 1008 1019 1063
f 1019 1463 1063
f 1019 1020 2393
f 1463 1019 2393
f 2385 2397 1384
f 508 2397 2385
f 1384 2397 1305
f 2397 508 1305
f 1251 486 1222
f 1222 486 339
f 486 567 488
f 486 487 339
f 486 488 487
f 2379 2394 2362
f 948 2379 2362
f 2379 948 2394
f 266 335 988
f 335 266 296
f 379 649 296
f 649 379 957
f 956 649 957
f 947 649 956
f 1249 486 1251
f 486 1249 567
f 567 1249 1023
f 1249 1024 1023
f 1024 1249 1007
f 1249 1251 1007
f 296 442 988
f 442 266 988
f 266 442 296
f 295 947 986
f 295 649 947
f 649 295 296
f 295 335 296
f 335 295 986
